0.55 0.6
0.53 0.59
0.52 0.59
0.50 0.59
0.48 0.59
0.46 0.59
0.45 0.59
0.43 0.58
0.42 0.58
0.38 0.57
0.34 0.55
0.30 0.53
0.30 0.53
0.29 0.52
0.27 0.51
0.26 0.50
0.25 0.49
0.22 0.45
0.22 0.45
0.18 0.35
0.18 0.30
0.18 0.26
0.18 0.25
0.18 0.22
0.18 0.19
0.19 0.18
0.21 0.09
0.22 0.09
0.23 0.07
0.31 0.04
0.41 0.09
0.46 0.15
0.49 0.18
0.49 0.19
0.51 0.20
0.52 0.20
0.53 0.20
0.54 0.20
0.55 0.20
0.55 0.38
0.55 0.42
0.55 0.45
0.55 0.49
0.55 0.51
0.55 0.56
0.55 0.58
0.55 0.61
0.55 0.64
0.55 0.67
0.55 0.70
0.55 0.72
0.55 0.74
0.55 0.78
0.55 0.80
0.55 0.82
0.55 0.85
0.55 0.86
0.55 0.88
0.55 0.89
0.55 0.91
0.55 0.91
0.55 0.92
0.55 0.93
0.55 0.93
0.55 0.94
0.55 0.96
0.55 0.98
0.55 1
0.55 1.02
0.55 1.06
0.55 1.1
0.55 1.15
0.55 1
0.55 1.02
