0.20 0.5
0.25 0.5
0.30 0.5
0.35 0.5
0.40 0.5
0.45 0.5
0.50 0.54
0.51 0.58
0.52 0.60
0.53 0.63
0.54 0.65
0.54 0.67
0.57 0.77
0.57 0.80
0.56 0.81
0.56 0.83
0.55 0.85
0.55 0.86
0.54 0.87
0.53 0.88
0.53 0.89
0.51 0.90
0.50 0.90
0.49 0.91
0.48 0.91
0.45 0.90
0.44 0.90
0.43 0.89
0.41 0.88
0.39 0.86
0.38 0.86
0.35 0.82
0.34 0.81
0.33 0.80
0.29 0.75
0.28 0.74
0.27 0.71
0.25 0.68
0.24 0.66
0.22 0.63
0.22 0.61
0.21 0.59
0.19 0.53
0.19 0.52
0.18 0.49
0.17 0.47
0.17 0.45
0.17 0.16
0.21 0.12
0.21 0.12
0.22 0.11
0.24 0.10
0.26 0.10
0.27 0.09
0.29 0.09
0.32 0.09
0.34 0.09
0.36 0.09
0.38 0.10
0.40 0.10
0.42 0.11
0.44 0.11
0.45 0.12
0.49 0.13
0.50 0.14
0.52 0.15
0.55 0.16
0.57 0.18
0.59 0.19
0.60 0.21
0.63 0.23
0.64 0.24
