0.690 0.888
0.642 0.822
0.603 0.836
0.566 0.842
0.554 0.842
0.536 0.842
0.501 0.836
0.490 0.832
0.478 0.822
0.457 0.809
0.434 0.786
0.421 0.772
0.411 0.756
0.395 0.729
0.379 0.689
0.372 0.656
0.368 0.630
0.363 0.600
0.358 0.527
0.354 0.467
0.351 0.434
0.347 0.380
0.342 0.291
0.340 0.221
0.340 0.184
0.342 0.128
0.344 0.022
0.347 -0.038
0.349 -0.105
0.354 -0.148
0.361 -0.264
0.361 -0.307
0.363 -0.360
0.365 -0.410
0.368 -0.500
0.368 -0.523
0.370 -0.576
0.368 -0.630
0.370 -0.663
0.370 -0.679
0.370 -0.699
0.370 -0.723
0.370 -0.756
0.370 -0.766
0.370 -0.776
0.370 -0.782
0.374 -0.802
0 0
0.126 0.061
0.197 0.061
0.245 0.058
0.310 0.051
0.354 0.051
0.430 0.048
0.469 0.048
0.531 0.048
0.566 0.048
0.635 0.045
0.660 0.045
0.690 0.045
0.711 0.042
0.771 0.038
0.794 0.042
0.805 0.038
0.819 0.038
0.838 0.035
0.861 0.035
0.870 0.035
0.879 0.035
0.895 0.025
