0.71 0.89
0.66 0.91
0.66 0.91
0.62 0.92
0.59 0.93
0.57 0.93
0.56 0.93
0.54 0.93
0.53 0.93
0.51 0.93
0.49 0.93
0.48 0.93
0.46 0.93
0.45 0.93
0.43 0.93
0.42 0.92
0.40 0.92
0.39 0.92
0.38 0.91
0.37 0.91
0.34 0.89
0.33 0.88
0.31 0.87
0.29 0.86
0.28 0.85
0.26 0.83
0.25 0.81
0.23 0.80
0.21 0.78
0.20 0.76
0.18 0.74
0.17 0.73
0.16 0.71
0.16 0.69
0.15 0.67
0.15 0.65
0.15 0.64
0.15 0.62
0.16 0.60
0.16 0.59
0.17 0.57
0.18 0.56
0.19 0.54
0.21 0.52
0.23 0.51
0.25 0.51
0.26 0.50
0.29 0.49
0.31 0.49
0.34 0.48
0.36 0.48
0.38 0.48
0.41 0.49
0.44 0.49
0.46 0.49
0.47 0.50
0.49 0.52
0.51 0.53
0.53 0.55
0.54 0.56
0.56 0.58
0.57 0.60
0.58 0.62
0.59 0.64
0.60 0.67
0.60 0.68
0.60 0.70
0.60 0.73
0.61 0.75
0.61 0.76
0.61 0.78
0.62 0.81
0.62 0.82
0.62 0.83
0.62 0.85
0.62 0.87
0.63 0.88
0.63 0.89
0.63 0.90
0.63 0.90
0.63 0.91
0.63 0.91
0.64 0.92
0.64 0.92
0.64 0.91
0.64 0.89
0.64 0.88
0.64 0.86
0.64 0.84
0.64 0.81
0.64 0.79
0.64 0.75
0.64 0.72
0.64 0.70
0.64 0.66
0.64 0.64
0.64 0.59
0.64 0.57
0.64 0.53
0.64 0.50
0.64 0.46
0.63 0.43
0.63 0.40
0.63 0.37
0.63 0.34
0.62 0.30
0.62 0.29
0.61 0.25
0.61 0.23
0.60 0.21
0.60 0.19
0.60 0.17
0.60 0.15
0.60 0.14
0.59 0.12
0.58 0.11
0.58 0.10
0.57 0.09
0.56 0.09
0.51 0.08
0.50 0.08
0.49 0.08
0.47 0.08
0.43 0.09
0.40 0.11
0.39 0.11
0.38 0.12
0.36 0.12
0.34 0.13
0.33 0.14
0.32 0.15
0.31 0.16
0.31 0.18
0.30 0.19
0.29 0.20
0.29 0.21
0.29 0.23
0.29 0.24
0.29 0.26
0.30 0.27
0.31 0.28
0.31 0.30
0.33 0.32
0.34 0.33
0.36 0.34
0.37 0.35
0.40 0.37
0.41 0.37
0.45 0.39
0.46 0.40
0.49 0.40
0.52 0.41
0.55 0.42
0.57 0.42
0.59 0.42
0.63 0.42
0.65 0.42
0.68 0.42
0.69 0.42
0.71 0.42
0.73 0.42
0.75 0.42
0.76 0.42
0.78 0.42
0.78 0.42
0.79 0.42
0.80 0.42
0.80 0.42
0.80 0.42
0.81 0.42
0.81 0.42
