0.25 1.10
0.25 1.05
0.25 1.00
0.25 0.99
0.25 0.96
0.25 0.93
0.25 0.90
0.25 0.87
0.25 0.85
0.25 0.82
0.25 0.80
0.25 0.78
0.25 0.75
0.25 0.72
0.25 0.68
0.25 0.66
0.25 0.63
0.25 0.59
0.26 0.56
0.26 0.52
0.26 0.50
0.26 0.46
0.26 0.44
0.26 0.40
0.26 0.37
0.26 0.35
0.26 0.31
0.26 0.29
0.27 0.26
0.27 0.24
0.27 0.22
0.27 0.19
0.27 0.16
0.27 0.15
0.27 0.13
0.27 0.11
0.27 0.09
0.28 0.08
0.28 0.06
0.28 0.05
0.28 0.04
0.28 0.03
0.28 0.02
0.28 0.02
0.28 0.02
0.28 0.01
0.28 0.02
0.28 0.02
0.28 0.03
0.28 0.05
0.28 0.07
0.28 0.09
0.28 0.11
0.28 0.13
0.28 0.16
0.27 0.18
0.27 0.20
0.27 0.23
0.27 0.24
0.28 0.26
0.28 0.29
0.28 0.31
0.29 0.33
0.30 0.36
0.30 0.38
0.31 0.41
0.32 0.43
0.34 0.46
0.35 0.47
0.36 0.49
0.38 0.52
0.40 0.54
0.42 0.56
0.44 0.57
0.46 0.59
0.47 0.60
0.49 0.61
0.51 0.63
0.53 0.63
0.56 0.64
0.58 0.64
0.60 0.64
0.63 0.64
0.64 0.64
0.67 0.63
0.68 0.63
0.70 0.62
0.72 0.60
0.74 0.58
0.75 0.57
0.77 0.56
0.79 0.52
0.80 0.51
0.81 0.48
0.81 0.45
0.82 0.43
0.82 0.39
0.83 0.37
0.83 0.34
0.83 0.30
0.83 0.28
0.83 0.24
0.83 0.22
0.83 0.19
0.83 0.16
0.83 0.14
0.84 0.11
0.84 0.09
0.84 0.08
0.84 0.06
0.84 0.05
0.84 0.04
0.85 0.03
0.85 0.02
