0.487 0.005
0.487 0.042
0.487 0.068
0.487 0.123
0.487 0.145
0.487 0.174
0.490 0.222
0.490 0.244
0.490 0.266
0.490 0.288
0.490 0.306
0.490 0.335
0.490 0.346
0.487 0.361
0.487 0.375
0.487 0.386
0.490 0.394
0.490 0.408
0.490 0.416
0.490 0.419
0.490 0.423
0 0
0.563 0.888
0.524 0.874
0.510 0.863
0.499 0.852
0.494 0.844
0.485 0.830
0.483 0.819
0.480 0.815
0.476 0.804
0.474 0.789
0.471 0.778
0.471 0.767
0.469 0.753
0.469 0.742
0.467 0.720
0.469 0.712
0.469 0.701
0.471 0.690
0.474 0.676
0.478 0.658
0.483 0.647
0.485 0.639
0.490 0.632
0.494 0.625
0.501 0.621
0.515 0.614
0.522 0.614
0.529 0.614
0.540 0.621
0.547 0.628
0.559 0.636
0.566 0.647
0.573 0.668
0.577 0.679
0.579 0.690
0.584 0.701
0.586 0.716
0.586 0.738
0.586 0.749
0.586 0.760
0.586 0.767
0.586 0.775
0.586 0.782
0.586 0.793
0.586 0.800
0.584 0.804
0.582 0.811
0.577 0.819
0.577 0.826
0.573 0.830
0.568 0.833
0.561 0.833
0.559 0.833
0.554 0.833
0.552 0.833
0.550 0.833
0.547 0.830
0.543 0.822
0.540 0.819
0.540 0.815
0.538 0.811
0.533 0.808
0.531 0.804
0.529 0.797
0.526 0.789
0.524 0.782
0.522 0.778
0.522 0.775
0.520 0.760
0.520 0.753
0.520 0.745
0.520 0.738
0.522 0.731
0.522 0.723
0.526 0.720
0.531 0.716
0.543 0.716
