0.547 0.410
0.547 0.331
0.552 0.287
0.556 0.274
0.559 0.234
0.563 0.221
0.563 0.201
0.566 0.181
0.568 0.141
0.568 0.125
0.568 0.105
0.568 0.058
0.568 0.042
0.568 0.015
0.568 -0.008
0.568 -0.048
0.568 -0.071
0.566 -0.091
0.563 -0.131
0.559 -0.151
0.559 -0.171
0.556 -0.191
0.550 -0.221
0.547 -0.271
0.545 -0.284
0.543 -0.304
0.540 -0.334
0.538 -0.350
0.533 -0.367
0.531 -0.380
0.531 -0.394
0.526 -0.417
0.522 -0.424
0.520 -0.434
0.515 -0.444
0.508 -0.453
0.503 -0.457
0.501 -0.463
0.497 -0.470
0.490 -0.480
0.487 -0.483
0.485 -0.490
0.480 -0.493
0.467 -0.500
0.457 -0.503
0.450 -0.507
0.439 -0.510
0.437 -0.510
0.432 -0.510
0.427 -0.507
0.421 -0.507
0.411 -0.500
0.404 -0.497
0.400 -0.493
0.395 -0.490
0.388 -0.483
0.386 -0.480
0.384 -0.473
0.381 -0.467
0.377 -0.457
0.374 -0.450
0.374 -0.444
0.374 -0.437
0.374 -0.430
0.374 -0.414
0.377 -0.404
0.379 -0.394
0.381 -0.387
0.393 -0.360
0.400 -0.344
0.407 -0.331
0.414 -0.314
0.427 -0.284
0.439 -0.267
0.453 -0.248
0.462 -0.231
0.480 -0.198
0.494 -0.174
0.508 -0.158
0.524 -0.138
0.538 -0.125
0.570 -0.095
0.584 -0.081
0.600 -0.068
0.623 -0.058
0.660 -0.035
0.679 -0.028
0.690 -0.022
0.709 -0.005
0.725 0.002
0.732 0.005
0.738 0.008
0.743 0.008
0.752 0.012
0.752 0.015
0.755 0.015
0.757 0.018
0 0
0.757 0.018
0.568 0.929
0.526 0.932
0.513 0.925
0.501 0.912
0.492 0.899
0.490 0.889
0.487 0.882
0.480 0.859
0.478 0.849
0.476 0.839
0.476 0.829
0.476 0.812
0.476 0.792
0.476 0.779
0.476 0.769
0.478 0.762
0.485 0.739
0.492 0.729
0.503 0.716
0.515 0.709
0.538 0.699
0.554 0.696
0.563 0.696
0.575 0.696
0.589 0.703
0.605 0.713
0.614 0.723
0.628 0.736
0.632 0.743
0.637 0.752
0.639 0.759
0.642 0.779
0.642 0.792
0.642 0.802
0.632 0.826
0.626 0.836
0.619 0.846
0.614 0.852
0.607 0.859
0.600 0.865
0.596 0.872
0.593 0.872
0.586 0.875
0.577 0.882
0.568 0.882
0.563 0.882
0.556 0.875
0.552 0.872
0.550 0.872
0.550 0.869
0.547 0.869
0.543 0.862
0.543 0.859
0.540 0.859
0.540 0.855
0.540 0.849
0.540 0.846
0.540 0.842
0.543 0.836
0.550 0.826
0.556 0.819
0.563 0.812
0.568 0.806
0.573 0.799
0.579 0.792
0.586 0.792
0.600 0.792
