0.238 0.882
0.211 0.792
0.206 0.730
0.206 0.707
0.204 0.672
0.206 0.655
0.204 0.628
0.206 0.596
0.206 0.576
0.206 0.544
0.209 0.520
0.209 0.491
0.209 0.456
0.209 0.436
0.209 0.410
0.209 0.380
0.209 0.325
0.209 0.302
0.209 0.276
0.206 0.243
0.206 0.229
0.204 0.206
0.202 0.182
0.199 0.165
0.197 0.136
0.197 0.118
0.197 0.086
0.197 0.074
0.197 0.069
0.197 0.066
0.197 0.063
0.197 0.060
0.197 0.057
0 0
0.743 0.923
0.718 0.870
0.715 0.862
0.713 0.853
0.704 0.832
0.699 0.818
0.697 0.806
0.690 0.797
0.681 0.789
0.672 0.780
0.665 0.771
0.656 0.762
0.646 0.748
0.632 0.733
0.621 0.724
0.612 0.716
0.603 0.707
0.596 0.695
0.584 0.684
0.568 0.669
0.556 0.660
0.545 0.649
0.517 0.634
0.506 0.625
0.497 0.620
0.490 0.611
0.483 0.605
0.471 0.593
0.457 0.587
0.448 0.582
0.439 0.579
0.427 0.570
0.416 0.567
0.402 0.561
0.395 0.555
0.386 0.555
0.379 0.550
0.368 0.544
0.361 0.541
0.347 0.532
0.338 0.532
0.331 0.526
0.324 0.523
0.319 0.520
0.312 0.520
0.305 0.515
0.296 0.512
0.287 0.509
0.282 0.509
0.275 0.509
0.273 0.509
0.268 0.509
0.264 0.509
0.259 0.509
0.255 0.509
0.250 0.509
0.243 0.509
0.236 0.509
0.227 0.509
0.222 0.512
0.218 0.512
0.213 0.512
0.209 0.512
0.206 0.512
0.202 0.512
0.192 0.515
0.188 0.515
0.185 0.515
0.183 0.515
0.181 0.515
0.181 0.517
0.179 0.520
0.176 0.520
0.174 0.520
0.172 0.523
0.169 0.526
0.167 0.526
0.162 0.529
0.162 0.532
0.160 0.532
0.158 0.532
0.156 0.532
0.153 0.532
0.156 0.532
0.158 0.529
0.162 0.526
0.165 0.523
0.172 0.520
0.174 0.520
0.181 0.517
0.185 0.515
0.190 0.512
0.195 0.509
0.202 0.509
0.213 0.506
0.222 0.503
0.229 0.500
0.236 0.497
0.243 0.497
0.248 0.497
0.252 0.494
0.262 0.488
0.271 0.485
0.282 0.483
0.291 0.477
0.298 0.474
0.308 0.465
0.319 0.456
0.333 0.448
0.344 0.439
0.351 0.436
0.358 0.430
0.365 0.424
0.379 0.415
0.395 0.407
0.407 0.398
0.418 0.392
0.430 0.380
0.446 0.369
0.457 0.360
0.467 0.354
0.480 0.343
0.492 0.334
0.508 0.322
0.520 0.310
0.526 0.299
0.531 0.293
0.543 0.287
0.554 0.278
0.566 0.270
0.573 0.264
0.577 0.255
0.584 0.246
0.589 0.238
0.593 0.229
0.598 0.223
0.605 0.217
0.614 0.208
0.621 0.203
0.628 0.197
0.632 0.191
0.637 0.182
0.642 0.173
0.649 0.165
0.653 0.159
0.660 0.150
0.667 0.144
0.672 0.138
0.679 0.133
0.683 0.127
0.688 0.121
0.690 0.112
0.692 0.106
0.695 0.101
0.697 0.095
0.697 0.089
0.699 0.089
0.699 0.086
0.699 0.083
