0.425600 0.001700
0.439700 0.012200
0.445000 0.015700
0.450300 0.019200
0.452100 0.019200
0.455600 0.022700
0.457400 0.022700
0.464400 0.033200
0.469700 0.036700
0.476800 0.050700
0.483800 0.057700
0.494400 0.068200
0.499700 0.071700
0.506800 0.075200
0.510300 0.078700
0.520900 0.089200
0.527900 0.099700
0.535000 0.113700
0.542100 0.131200
0.545600 0.138200
0.545600 0.141700
0.545600 0.145200
0.545600 0.148700
0.547400 0.155700
0.549100 0.169700
0.550900 0.173200
0.552600 0.176700
0.556200 0.190700
0.563200 0.229200
0.572100 0.292100
0.575600 0.341100
0.579100 0.379600
0.584400 0.442600
0.591500 0.530000
0.593200 0.537000
0.593200 0.540500
0.593200 0.568500
0.593200 0.624500
0.593200 0.663000
0.593200 0.725900
0.591500 0.764400
0.589700 0.774900
0.589700 0.778400
0.589700 0.799400
0.589700 0.823900
0.589700 0.851900
0.589700 0.879900
0.587900 0.900900
0.586200 0.918400
0.584400 0.939400
0.584400 0.956900
0.584400 0.981300
0.582600 1.012800
0.582600 1.037300
0.580900 1.051300
0.580900 1.054800
0.580900 1.065300
0.580900 1.086300
0.580900 1.107300
0.577400 1.131800
0.575600 1.149300
0.573800 1.159800
0.570300 1.166800
0.568500 1.170300
0.566800 1.170300
0.561500 1.170300
0.554400 1.170300
0.549100 1.170300
0.542100 1.163300
0.533200 1.152800
0.533200 1.149300
0.527900 1.124800
0.527900 1.117800
0.527900 1.114300
0.526200 1.096800
0.524400 1.086300
0.524400 1.082800
0.520900 1.065300
0.519100 1.044300
0.519100 1.026800
0.519100 1.009300
0.519100 0.995300
0.519100 0.977800
0.517400 0.974300
0.517400 0.956900
0.515600 0.932400
0.515600 0.907900
0.515600 0.886900
0.519100 0.865900
0.520900 0.855400
0.520900 0.851900
0.520900 0.834400
0.520900 0.802900
0.520900 0.757400
0.520900 0.725900
0.520900 0.715500
0.520900 0.708500
0.519100 0.687500
0.515600 0.624500
0.513800 0.572000
0.513800 0.558000
0.515600 0.554500
0.515600 0.547500
0.515600 0.533500
0.515600 0.509000
0.515600 0.474100
0.515600 0.421600
0.517400 0.397100
0.517400 0.393600
0.517400 0.390100
0.517400 0.379600
0.517400 0.348100
0.517400 0.306100
0.524400 0.260600
0.533200 0.236200
0.552600 0.194200
0.575600 0.106700
0.587900 0.064700
0.602100 0.026200
0.616200 0.005200
