0.05 0.86
0.08 0.86
0.09 0.86
0.10 0.86
0.13 0.85
0.13 0.84
0.14 0.84
0.15 0.82
0.17 0.80
0.18 0.79
0.19 0.77
0.20 0.74
0.21 0.72
0.22 0.67
0.23 0.64
0.24 0.60
0.25 0.57
0.25 0.52
0.25 0.48
0.26 0.44
0.26 0.40
0.26 0.36
0.26 0.32
0.27 0.29
0.27 0.25
0.28 0.22
0.28 0.17
0.28 0.15
0.29 0.12
0.29 0.10
0.29 0.08
0.29 0.07
0.30 0.05
0.30 0.04
0.30 0.03
0.30 0.02
0.30 0.02
0.30 0.02
0.30 0.01
0.30 0.02
0.30 0.03
0.30 0.05
0.30 0.07
0.29 0.10
0.30 0.14
0.30 0.18
0.30 0.21
0.30 0.25
0.30 0.28
0.30 0.31
0.30 0.34
0.30 0.38
0.31 0.42
0.31 0.47
0.32 0.50
0.34 0.54
0.35 0.58
0.36 0.61
0.37 0.64
0.38 0.67
0.40 0.70
0.41 0.72
0.43 0.74
0.44 0.75
0.46 0.77
0.47 0.77
0.47 0.78
0.49 0.78
0.51 0.78
0.52 0.78
0.53 0.78
0.55 0.77
0.56 0.76
0.57 0.74
0.58 0.72
0.59 0.70
0.60 0.67
0.60 0.64
0.60 0.59
0.60 0.57
0.61 0.52
0.61 0.49
0.61 0.44
0.61 0.41
0.61 0.37
0.61 0.33
0.61 0.30
0.61 0.27
0.61 0.23
0.61 0.21
0.61 0.19
0.61 0.16
0.61 0.15
0.61 0.14
0.61 0.14
0.62 0.13
0.62 0.13
0.62 0.12
0.62 0.14
0.61 0.15
0.61 0.18
0.61 0.21
0.61 0.24
0.61 0.27
0.61 0.31
0.61 0.33
0.61 0.38
0.61 0.41
0.61 0.46
0.62 0.49
0.62 0.53
0.63 0.57
0.64 0.60
0.64 0.64
0.65 0.68
0.66 0.71
0.67 0.74
0.68 0.76
0.69 0.79
0.70 0.81
0.71 0.82
0.72 0.84
0.73 0.84
0.74 0.85
0.75 0.86
0.76 0.86
0.78 0.86
0.79 0.86
0.80 0.85
0.81 0.84
0.83 0.82
0.84 0.80
0.85 0.78
0.87 0.74
0.87 0.72
0.89 0.67
0.89 0.65
0.90 0.59
0.91 0.57
0.91 0.52
0.91 0.49
0.92 0.44
0.92 0.42
0.92 0.37
0.92 0.35
0.92 0.31
0.92 0.29
0.92 0.27
0.92 0.24
0.92 0.23
0.92 0.22
0.92 0.21
0.92 0.20
0.92 0.19
0.92 0.19
0.92 0.18
0.92 0.18
0.92 0.18
