0.20 0.81
0.22 0.81
0.23 0.81
0.25 0.81
0.26 0.79
0.27 0.77
0.28 0.74
0.29 0.71
0.31 0.65
0.31 0.60
0.32 0.57
0.32 0.52
0.33 0.49
0.33 0.45
0.34 0.41
0.34 0.37
0.35 0.30
0.35 0.26
0.35 0.23
0.35 0.21
0.35 0.17
0.35 0.15
0.35 0.14
0.35 0.11
0.35 0.06
0.35 0.06
0.35 0.06
0.35 0.07
0.34 0.09
0.34 0.11
0.34 0.13
0.34 0.16
0.34 0.19
0.34 0.22
0.33 0.25
0.33 0.27
0.33 0.31
0.33 0.33
0.33 0.37
0.34 0.40
0.34 0.44
0.35 0.47
0.35 0.51
0.36 0.53
0.36 0.56
0.37 0.58
0.37 0.61
0.38 0.63
0.40 0.66
0.41 0.67
0.42 0.70
0.45 0.72
0.46 0.73
0.47 0.74
0.49 0.76
0.51 0.77
0.53 0.78
0.56 0.78
0.57 0.79
0.58 0.79
0.61 0.79
0.63 0.78
0.65 0.78
0.67 0.77
0.68 0.76
0.70 0.74
0.71 0.73
0.72 0.71
0.73 0.67
0.74 0.65
0.75 0.61
0.76 0.58
0.76 0.54
0.77 0.51
0.77 0.46
0.78 0.43
0.78 0.38
0.79 0.36
0.79 0.31
0.80 0.28
0.81 0.22
0.81 0.14
0.82 0.08
0.82 0.07
0.82 0.05
0.82 0.04
0.82 0.03
