0.55 0.82
0.54 0.83
0.53 0.84
0.52 0.84
0.51 0.84
0.51 0.85
0.50 0.85
0.49 0.85
0.49 0.85
0.48 0.85
0.46 0.84
0.44 0.84
0.43 0.83
0.42 0.81
0.38 0.79
0.30 0.70
0.28 0.67
0.27 0.65
0.26 0.63
0.25 0.58
0.23 0.56
0.22 0.53
0.22 0.51
0.21 0.49
0.21 0.46
0.20 0.44
0.20 0.42
0.20 0.39
0.21 0.37
0.21 0.35
0.22 0.32
0.23 0.30
0.24 0.28
0.25 0.25
0.25 0.23
0.26 0.22
0.28 0.19
0.29 0.17
0.31 0.16
0.33 0.14
0.35 0.12
0.36 0.11
0.38 0.09
0.40 0.07
0.43 0.07
0.46 0.05
0.47 0.05
0.50 0.04
0.52 0.04
0.56 0.04
0.57 0.04
0.60 0.04
0.63 0.05
0.66 0.05
0.68 0.06
0.70 0.07
0.73 0.09
0.75 0.10
0.77 0.12
0.79 0.13
0.80 0.15
0.81 0.16
0.82 0.18
0.82 0.19
0.83 0.21
0.84 0.23
0.84 0.24
0.85 0.26
0.86 0.29
0.86 0.31
0.86 0.33
0.86 0.36
0.86 0.38
0.85 0.40
0.85 0.44
0.84 0.46
0.84 0.48
0.83 0.51
0.82 0.53
0.82 0.56
0.81 0.59
0.80 0.61
0.78 0.64
0.77 0.66
0.76 0.68
0.75 0.70
0.72 0.73
0.72 0.74
0.70 0.76
0.69 0.77
0.66 0.79
0.65 0.80
0.62 0.82
0.61 0.83
0.59 0.83
0.56 0.84
0.52 0.84
0.50 0.84
0.49 0.84
0.47 0.84
0.44 0.83
0.43 0.83
