0.31 0.69
0.12 0.55
0.15 0.56
0.16 0.56
0.17 0.57
0.18 0.58
0.19 0.59
0.21 0.60
0.22 0.61
0.24 0.63
0.25 0.64
0.25 0.65
0.27 0.67
0.29 0.69
0.30 0.70
0.32 0.72
0.34 0.74
0.34 0.75
0.35 0.77
0.36 0.78
0.37 0.80
0.37 0.81
0.37 0.83
0.38 0.84
0.38 0.85
0.39 0.86
0.40 0.87
0.40 0.88
0.40 0.88
0.41 0.89
0.41 0.90
0.41 0.90
0.41 0.91
0.41 0.91
0.41 0.91
0.41 0.91
0.42 0.89
0.42 0.88
0.42 0.79
0.42 0.72
0.42 0.68
0.42 0.66
0.42 0.63
0.42 0.60
0.42 0.57
0.42 0.53
0.42 0.50
0.42 0.47
0.42 0.44
0.42 0.40
0.42 0.37
0.42 0.34
0.42 0.31
0.42 0.28
0.42 0.25
0.42 0.22
0.42 0.20
0.42 0.18
0.42 0.16
0.42 0.14
0.42 0.12
0.43 0.11
0.43 0.10
0.43 0.09
0.43 0.08
0.43 0.08
0.43 0.07
0.43 0.07
0.43 0.07
0.43 0.07
0.43 0.06
0.43 0.07
0.43 0.07
0.43 0.09
0.43 0.11
0.43 0.12
0.43 0.14
0.43 0.16
0.43 0.18
0.42 0.19
0.42 0.21
0.42 0.23
0.42 0.25
0.41 0.27
0.41 0.30
0.40 0.32
0.40 0.34
0.40 0.37
0.40 0.39
0.39 0.41
0.39 0.44
0.39 0.46
0.38 0.48
0.38 0.50
0.38 0.52
0.38 0.54
0.38 0.57
0.38 0.59
0.38 0.61
0.38 0.64
0.38 0.66
0.38 0.68
0.38 0.70
0.38 0.72
0.38 0.74
0.38 0.75
0.39 0.77
0.40 0.79
0.40 0.81
0.41 0.82
0.42 0.84
0.43 0.85
0.44 0.86
0.46 0.88
0.47 0.89
0.47 0.90
0.49 0.91
0.50 0.92
0.52 0.93
0.53 0.94
0.55 0.94
0.57 0.95
0.58 0.95
0.59 0.95
0.62 0.95
0.63 0.94
0.65 0.94
0.67 0.93
0.69 0.93
0.70 0.93
0.72 0.92
0.74 0.91
0.75 0.90
0.76 0.88
0.78 0.87
0.79 0.86
0.80 0.85
0.81 0.84
0.82 0.81
0.83 0.80
0.83 0.78
0.84 0.77
0.85 0.74
0.85 0.73
0.85 0.71
0.85 0.69
0.85 0.67
0.85 0.65
0.85 0.64
0.85 0.63
0.84 0.60
0.84 0.59
0.84 0.58
0.83 0.56
0.83 0.54
0.82 0.53
0.82 0.51
0.81 0.50
0.80 0.49
0.79 0.48
0.78 0.46
0.77 0.45
0.75 0.44
0.73 0.43
0.72 0.42
0.71 0.42
0.69 0.41
0.67 0.40
0.66 0.40
0.64 0.40
0.62 0.39
0.61 0.39
0.60 0.38
0.59 0.38
0.56 0.38
0.55 0.38
0.54 0.37
0.53 0.37
0.51 0.37
0.50 0.37
0.49 0.38
0.49 0.38
0.49 0.38
0.49 0.38
0.48 0.38
0.48 0.38
0.47 0.38
0.47 0.39
0.46 0.39
0.46 0.39
0.46 0.39
0.46 0.39
0.45 0.39
0.45 0.39
0.45 0.39
0.45 0.40
0.45 0.40
0.45 0.39
