0.45 0.39
0.50 0.85
0.47 0.86
0.45 0.86
0.44 0.86
0.42 0.86
0.40 0.86
0.39 0.86
0.38 0.86
0.37 0.85
0.34 0.84
0.32 0.83
0.31 0.82
0.28 0.80
0.26 0.78
0.25 0.75
0.22 0.73
0.16 0.61
0.15 0.59
0.15 0.57
0.14 0.51
0.14 0.49
0.14 0.46
0.14 0.44
0.14 0.42
0.14 0.40
0.15 0.39
0.15 0.37
0.16 0.36
0.18 0.35
0.19 0.33
0.20 0.33
0.21 0.32
0.23 0.31
0.24 0.31
0.25 0.31
0.27 0.32
0.29 0.33
0.30 0.33
0.32 0.35
0.34 0.36
0.35 0.37
0.36 0.39
0.37 0.41
0.39 0.43
0.40 0.45
0.41 0.47
0.42 0.50
0.43 0.53
0.43 0.55
0.44 0.58
0.45 0.60
0.46 0.62
0.46 0.65
0.46 0.67
0.46 0.69
0.47 0.72
0.47 0.74
0.47 0.76
0.47 0.78
0.47 0.80
0.47 0.82
0.47 0.83
0.47 0.84
0.47 0.85
0.46 0.86
0.46 0.86
0.46 0.87
0.46 0.87
0.46 0.87
0.46 0.88
0.46 0.87
0.46 0.87
0.46 0.86
0.47 0.84
0.47 0.81
0.47 0.79
0.48 0.76
0.48 0.74
0.48 0.71
0.49 0.67
0.49 0.65
0.49 0.62
0.50 0.59
0.51 0.56
0.52 0.53
0.52 0.51
0.53 0.47
0.54 0.45
0.54 0.42
0.54 0.39
0.55 0.36
0.56 0.33
0.57 0.30
0.58 0.28
0.58 0.25
0.59 0.23
0.59 0.21
0.60 0.19
0.60 0.17
0.61 0.15
0.62 0.14
0.63 0.12
0.63 0.10
0.64 0.09
0.64 0.09
0.64 0.09
0.65 0.08
0.65 0.08
0.65 0.08
0.65 0.08
0.66 0.08
0.66 0.08
0.66 0.08
0.67 0.08
0.68 0.09
0.69 0.10
0.69 0.12
0.70 0.14
0.72 0.16
0.73 0.19
0.75 0.21
0.76 0.25
0.78 0.27
0.80 0.30
0.81 0.33
0.82 0.36
0.84 0.39
0.85 0.41
0.87 0.44
0.87 0.46
0.89 0.48
0.90 0.50
0.91 0.52
0.92 0.54
0.92 0.55
0.93 0.56
0.93 0.58
0.93 0.59
0.93 0.60
0.94 0.60
0.94 0.61
0.94 0.61
0.94 0.61
0.94 0.62
0.94 0.61
