-0.15 0.52
0.13 0.08
0.18 0.13
0.20 0.15
0.22 0.17
0.23 0.19
0.25 0.21
0.26 0.24
0.28 0.27
0.30 0.30
0.31 0.33
0.33 0.35
0.34 0.39
0.35 0.41
0.36 0.44
0.37 0.47
0.37 0.50
0.37 0.53
0.37 0.56
0.37 0.59
0.37 0.62
0.36 0.66
0.36 0.68
0.35 0.72
0.35 0.75
0.34 0.78
0.32 0.80
0.32 0.83
0.31 0.84
0.29 0.87
0.28 0.89
0.27 0.90
0.26 0.91
0.25 0.92
0.24 0.93
0.22 0.93
0.21 0.93
0.18 0.92
0.17 0.92
0.16 0.91
0.15 0.90
0.14 0.88
0.13 0.87
0.13 0.86
0.12 0.84
0.12 0.82
0.11 0.81
0.12 0.79
0.12 0.77
0.13 0.75
0.13 0.74
0.14 0.72
0.15 0.71
0.17 0.70
0.19 0.69
0.21 0.68
0.23 0.67
0.25 0.67
0.28 0.68
0.30 0.68
0.34 0.70
0.36 0.70
0.38 0.71
0.41 0.72
0.46 0.75
0.56 0.79
0.60 0.81
0.62 0.81
0.63 0.81
0.64 0.81
0.65 0.81
0.66 0.81
0.68 0.79
0.69 0.79
0.69 0.78
0.70 0.76
0.70 0.74
0.70 0.72
0.71 0.70
0.71 0.67
0.71 0.65
0.71 0.63
0.71 0.60
0.71 0.58
0.71 0.55
0.71 0.52
0.72 0.50
0.72 0.46
0.72 0.44
0.73 0.42
0.73 0.39
0.74 0.37
0.74 0.35
0.75 0.32
0.75 0.30
0.76 0.28
0.77 0.26
0.78 0.24
0.79 0.22
0.80 0.21
0.81 0.19
0.81 0.18
0.82 0.17
0.84 0.16
0.85 0.15
0.87 0.15
0.89 0.14
0.90 0.14
0.92 0.15
0.94 0.15
0.96 0.17
0.98 0.18
1.00 0.19
1.02 0.20
