0.76 0.89
0.73 0.92
0.72 0.92
0.70 0.93
0.67 0.93
0.64 0.93
0.62 0.93
0.60 0.93
0.56 0.92
0.54 0.92
0.50 0.91
0.49 0.90
0.44 0.88
0.42 0.87
0.39 0.86
0.37 0.84
0.32 0.82
0.30 0.80
0.28 0.79
0.26 0.77
0.25 0.76
0.23 0.74
0.22 0.73
0.21 0.71
0.20 0.70
0.20 0.69
0.20 0.67
0.20 0.66
0.20 0.65
0.21 0.64
0.23 0.63
0.24 0.61
0.26 0.60
0.29 0.59
0.32 0.58
0.35 0.58
0.37 0.58
0.42 0.58
0.45 0.57
0.47 0.57
0.52 0.57
0.54 0.57
0.57 0.57
0.59 0.57
0.63 0.56
0.66 0.56
0.68 0.55
0.70 0.54
0.73 0.53
0.75 0.51
0.76 0.50
0.78 0.49
0.79 0.47
0.81 0.45
0.81 0.43
0.82 0.41
0.82 0.38
0.83 0.37
0.83 0.34
0.83 0.31
0.82 0.30
0.82 0.27
0.81 0.24
0.80 0.22
0.78 0.20
0.76 0.17
0.73 0.15
0.71 0.14
0.69 0.12
0.66 0.10
0.61 0.08
0.60 0.07
0.56 0.06
0.52 0.05
0.50 0.04
0.46 0.04
0.43 0.03
0.40 0.03
0.38 0.03
0.36 0.03
0.33 0.04
0.31 0.05
0.29 0.05
0.28 0.06
0.27 0.07
0.26 0.07
0.25 0.09
0.23 0.10
