0.374 0.920
0.365 0.832
0.365 0.748
0.361 0.713
0.361 0.687
0.358 0.663
0.358 0.625
0.356 0.593
0.356 0.579
0.356 0.555
0.354 0.523
0.354 0.506
0.351 0.480
0.349 0.450
0.349 0.433
0.349 0.410
0.349 0.363
0.349 0.343
0.349 0.310
0.351 0.296
0.354 0.278
0.356 0.252
0.356 0.232
0.356 0.217
0.356 0.206
0.361 0.182
0.361 0.171
0.363 0.156
0.365 0.147
0.365 0.136
0.370 0.124
0.374 0.109
0.377 0.095
0.384 0.083
0.391 0.074
0.397 0.066
0.404 0.057
0.411 0.051
0.421 0.045
0.432 0.034
0.448 0.022
0.457 0.019
0.467 0.010
0.474 0.007
0.485 0.001
0.503 -0.004
0.517 -0.004
0.531 -0.004
0.552 -0.004
0.568 -0.004
0.605 -0.001
0.628 0.004
0.642 0.010
0.669 0.019
0.683 0.022
0.697 0.031
0.713 0.036
0.732 0.042
0.743 0.045
0.759 0.051
0.773 0.054
0.787 0.054
0.794 0.057
0.801 0.057
0.805 0.060
0.810 0.063
0.812 0.063
0.815 0.063
0.817 0.063
0 0
0.126 0.646
0.213 0.643
0.291 0.640
0.347 0.640
0.444 0.637
0.515 0.640
0.579 0.643
0.688 0.649
0.748 0.652
0.798 0.655
0.858 0.655
0.881 0.657
0.893 0.657
0.900 0.657
0.902 0.657
