0.13 0.57
0.13 0.60
0.14 0.62
0.14 0.63
0.15 0.66
0.15 0.67
0.16 0.70
0.18 0.72
0.18 0.74
0.19 0.76
0.20 0.78
0.21 0.80
0.21 0.81
0.22 0.83
0.22 0.84
0.23 0.86
0.24 0.87
0.24 0.88
0.24 0.89
0.24 0.90
0.24 0.91
0.24 0.91
0.24 0.91
0.24 0.91
0.24 0.92
0.24 0.91
0.24 0.91
0.23 0.89
0.23 0.88
0.23 0.86
0.23 0.83
0.24 0.81
0.24 0.78
0.24 0.72
0.25 0.57
0.25 0.53
0.25 0.51
0.25 0.47
0.25 0.44
0.25 0.42
0.26 0.38
0.26 0.35
0.26 0.32
0.27 0.29
0.27 0.26
0.28 0.24
0.28 0.21
0.29 0.18
0.30 0.16
0.31 0.15
0.31 0.13
0.32 0.11
0.34 0.09
0.35 0.08
0.36 0.07
0.36 0.07
0.37 0.06
0.39 0.05
0.40 0.05
0.42 0.05
0.43 0.05
0.45 0.05
0.46 0.06
0.47 0.07
0.50 0.08
0.52 0.10
0.53 0.11
0.55 0.14
0.57 0.16
0.58 0.18
0.59 0.21
0.61 0.24
0.63 0.26
0.64 0.30
0.65 0.33
0.67 0.36
0.69 0.39
0.69 0.42
0.70 0.45
0.71 0.48
0.71 0.51
0.71 0.54
0.72 0.57
0.72 0.60
0.73 0.62
0.73 0.66
0.73 0.68
0.74 0.70
0.73 0.73
0.73 0.74
0.73 0.76
0.73 0.77
0.72 0.79
0.72 0.80
0.72 0.81
0.72 0.81
0.72 0.82
0.72 0.82
0.72 0.82
0.71 0.82
0.71 0.82
0.71 0.82
0.71 0.81
0.71 0.79
0.70 0.77
0.70 0.74
0.70 0.72
0.69 0.60
0.69 0.58
0.68 0.55
0.68 0.52
0.68 0.49
0.68 0.45
0.68 0.42
0.68 0.36
0.68 0.32
0.68 0.30
0.69 0.27
0.69 0.24
0.70 0.22
0.70 0.19
0.71 0.17
0.71 0.15
0.72 0.14
0.73 0.12
0.75 0.10
0.75 0.09
0.77 0.08
0.78 0.07
0.80 0.06
0.81 0.06
0.82 0.06
0.84 0.05
0.85 0.06
0.87 0.06
0.88 0.07
0.89 0.07
0.90 0.07
0.91 0.07
0.91 0.07
0.91 0.08
0.92 0.08
0.92 0.08
