0.18 0.88
0.21 0.83
0.21 0.81
0.22 0.80
0.23 0.78
0.24 0.74
0.25 0.72
0.25 0.67
0.26 0.65
0.27 0.60
0.28 0.57
0.29 0.52
0.30 0.49
0.31 0.45
0.32 0.42
0.34 0.38
0.35 0.35
0.36 0.32
0.36 0.29
0.37 0.26
0.37 0.24
0.38 0.21
0.39 0.19
0.40 0.17
0.41 0.16
0.42 0.15
0.42 0.14
0.43 0.14
0.43 0.13
0.44 0.12
0.45 0.12
0.45 0.12
0.46 0.12
0.46 0.12
0.46 0.12
0.47 0.12
0.47 0.13
0.48 0.14
0.49 0.17
0.50 0.19
0.51 0.23
0.53 0.26
0.53 0.30
0.55 0.33
0.56 0.37
0.57 0.40
0.58 0.44
0.59 0.47
0.60 0.52
0.62 0.55
0.64 0.59
0.65 0.62
0.67 0.65
0.68 0.68
0.69 0.71
0.70 0.74
0.71 0.76
0.72 0.78
0.73 0.80
0.73 0.81
0.74 0.82
0.74 0.83
0.75 0.84
0.75 0.85
0.75 0.85
0.75 0.85
0.75 0.86
0.75 0.86
0.76 0.86
0.76 0.86
