-0.09 0.52
0.20 0.79
0.20 0.72
0.20 0.70
0.19 0.64
0.19 0.61
0.19 0.58
0.20 0.55
0.20 0.52
0.20 0.49
0.20 0.46
0.21 0.43
0.21 0.40
0.22 0.37
0.23 0.35
0.24 0.33
0.25 0.30
0.26 0.28
0.27 0.26
0.28 0.25
0.29 0.24
0.30 0.23
0.32 0.23
0.34 0.22
0.35 0.22
0.36 0.23
0.37 0.23
0.40 0.25
0.41 0.26
0.42 0.28
0.45 0.31
0.46 0.34
0.47 0.37
0.48 0.41
0.49 0.45
0.49 0.49
0.50 0.52
0.51 0.55
0.52 0.58
0.52 0.61
0.52 0.63
0.53 0.65
0.53 0.67
0.53 0.69
0.53 0.71
0.53 0.72
0.53 0.74
0.53 0.74
0.52 0.75
0.52 0.76
0.52 0.76
0.52 0.77
0.52 0.76
0.51 0.75
0.51 0.73
0.50 0.70
0.50 0.67
0.49 0.64
0.49 0.60
0.49 0.57
0.49 0.53
0.50 0.51
0.50 0.47
0.51 0.44
0.51 0.42
0.52 0.39
0.53 0.36
0.53 0.34
0.54 0.32
0.55 0.30
0.57 0.28
0.58 0.27
0.58 0.26
0.59 0.24
0.61 0.23
0.63 0.23
0.64 0.23
0.66 0.23
0.68 0.24
0.69 0.24
0.70 0.26
0.72 0.28
0.74 0.30
0.75 0.32
0.76 0.34
0.78 0.37
0.79 0.40
0.80 0.44
0.81 0.47
0.81 0.51
0.82 0.53
0.82 0.57
0.82 0.60
0.82 0.62
0.82 0.65
0.82 0.67
0.82 0.68
0.82 0.70
0.82 0.72
0.82 0.73
0.82 0.75
0.82 0.76
0.82 0.77
0.82 0.77
0.82 0.77
0.82 0.77
0.82 0.78
0.82 0.77
0.82 0.76
0.81 0.74
0.81 0.71
0.81 0.67
0.81 0.65
0.81 0.61
0.81 0.58
0.81 0.56
0.81 0.52
0.81 0.49
0.81 0.46
0.81 0.44
0.81 0.41
0.82 0.38
0.82 0.37
0.83 0.35
0.84 0.32
0.86 0.31
0.87 0.30
0.88 0.29
0.90 0.28
0.91 0.27
0.92 0.27
0.95 0.26
0.96 0.26
0.98 0.26
0.99 0.26
1.01 0.26
1.01 0.27
1.02 0.27
1.02 0.27
1.02 0.27
