0.12 0.82
0.13 0.85
0.14 0.86
0.18 0.86
0.19 0.86
0.21 0.86
0.23 0.86
0.25 0.85
0.26 0.85
0.29 0.83
0.31 0.81
0.34 0.79
0.36 0.78
0.37 0.75
0.40 0.72
0.41 0.70
0.43 0.67
0.45 0.64
0.46 0.60
0.47 0.58
0.48 0.54
0.48 0.51
0.49 0.47
0.49 0.44
0.49 0.40
0.49 0.37
0.49 0.32
0.49 0.29
0.48 0.25
0.48 0.22
0.48 0.19
0.47 0.16
0.47 0.14
0.47 0.12
0.47 0.10
0.47 0.09
0.46 0.08
0.45 0.07
0.44 0.06
0.43 0.05
0.46 0.07
0.46 0.08
0.46 0.09
0.46 0.10
0.47 0.11
0.47 0.13
0.47 0.15
0.47 0.17
0.48 0.19
0.48 0.21
0.49 0.24
0.49 0.26
0.50 0.29
0.51 0.32
0.53 0.35
0.54 0.37
0.54 0.40
0.56 0.43
0.57 0.46
0.58 0.48
0.58 0.51
0.59 0.54
0.60 0.57
0.60 0.61
0.61 0.63
0.62 0.67
0.63 0.69
0.64 0.71
0.64 0.73
0.65 0.76
0.65 0.77
0.65 0.80
0.65 0.81
0.66 0.83
0.66 0.86
0.66 0.88
0.65 0.89
0.65 0.90
0.65 0.90
0.64 0.89
0.63 0.89
0.62 0.87
0.61 0.86
0.60 0.85
0.59 0.82
0.58 0.80
0.58 0.78
0.57 0.74
0.56 0.72
0.55 0.69
0.54 0.66
0.54 0.64
0.54 0.60
0.53 0.58
0.53 0.54
0.53 0.52
0.53 0.49
0.53 0.46
0.53 0.43
0.53 0.40
0.54 0.37
0.54 0.35
0.55 0.31
0.56 0.29
0.57 0.26
0.58 0.24
0.59 0.22
0.60 0.21
0.62 0.18
0.63 0.16
0.65 0.15
0.68 0.14
0.69 0.13
0.71 0.12
0.74 0.12
0.76 0.12
0.79 0.12
0.80 0.12
0.82 0.13
0.84 0.13
0.86 0.14
0.88 0.14
0.90 0.15
0.91 0.15
0.92 0.16
0.92 0.16
0.93 0.17
0.93 0.17
0.94 0.18
0.94 0.18
0.95 0.18
