0.24 0.91
0.24 0.88
0.23 0.86
0.23 0.85
0.23 0.82
0.23 0.81
0.23 0.79
0.23 0.76
0.24 0.74
0.24 0.72
0.25 0.69
0.25 0.67
0.26 0.65
0.26 0.62
0.27 0.60
0.29 0.57
0.30 0.56
0.31 0.53
0.34 0.52
0.35 0.51
0.36 0.50
0.37 0.49
0.40 0.48
0.42 0.48
0.45 0.48
0.46 0.49
0.48 0.49
0.51 0.50
0.52 0.51
0.55 0.53
0.57 0.55
0.58 0.57
0.60 0.60
0.63 0.63
0.64 0.65
0.66 0.68
0.67 0.70
0.69 0.73
0.69 0.75
0.70 0.77
0.71 0.79
0.71 0.81
0.71 0.82
0.72 0.84
0.72 0.85
0.72 0.86
0.72 0.86
0.72 0.88
0.72 0.88
0.72 0.89
0.72 0.90
0.72 0.90
0.72 0.91
0.71 0.91
0.71 0.91
0.71 0.90
0.71 0.88
0.71 0.86
0.71 0.84
0.71 0.81
0.71 0.78
0.72 0.74
0.72 0.71
0.72 0.67
0.72 0.64
0.73 0.60
0.73 0.57
0.73 0.53
0.73 0.50
0.74 0.46
0.74 0.43
0.74 0.39
0.74 0.36
0.73 0.33
0.73 0.30
0.73 0.26
0.72 0.23
0.72 0.21
0.72 0.17
0.71 0.15
0.71 0.12
0.71 0.09
0.70 0.07
0.69 0.05
0.68 0.03
0.67 0.01
0.66 -0.01
0.65 -0.02
0.64 -0.03
0.62 -0.04
0.61 -0.05
0.60 -0.05
0.60 -0.06
0.58 -0.06
0.56 -0.06
0.55 -0.05
0.54 -0.05
0.52 -0.04
0.51 -0.03
0.50 -0.02
0.49 -0.01
0.48 -0.00
0.47 0.02
0.46 0.03
0.45 0.04
0.44 0.06
0.43 0.07
0.43 0.09
0.43 0.11
0.43 0.12
0.43 0.15
0.43 0.18
0.44 0.20
0.46 0.24
0.47 0.26
0.48 0.29
0.51 0.32
0.53 0.34
0.57 0.37
0.58 0.39
0.61 0.41
0.64 0.43
0.69 0.45
0.70 0.46
0.75 0.48
0.78 0.49
0.80 0.50
0.84 0.51
0.86 0.52
0.89 0.53
0.91 0.53
0.92 0.54
0.94 0.54
0.96 0.54
0.96 0.55
0.97 0.55
0.98 0.55
0.98 0.55
0.99 0.55
0.99 0.55
0.99 0.55
0.98 0.54
