0.33 0.86
0.36 0.89
0.37 0.89
0.40 0.91
0.42 0.91
0.44 0.92
0.46 0.92
0.47 0.92
0.51 0.92
0.52 0.92
0.55 0.92
0.57 0.91
0.59 0.91
0.62 0.90
0.64 0.89
0.66 0.88
0.68 0.86
0.69 0.86
0.70 0.85
0.70 0.83
0.71 0.81
0.72 0.80
0.72 0.78
0.72 0.76
0.72 0.74
0.72 0.72
0.71 0.70
0.71 0.68
0.69 0.66
0.68 0.65
0.66 0.63
0.65 0.61
0.63 0.60
0.61 0.58
0.60 0.58
0.58 0.57
0.56 0.56
0.54 0.55
0.51 0.55
0.50 0.54
0.49 0.54
0.47 0.54
0.45 0.53
0.44 0.53
0.43 0.53
0.43 0.53
0.42 0.52
0.41 0.52
0.40 0.52
0.40 0.52
0.40 0.52
0.41 0.52
0.42 0.52
0.44 0.53
0.46 0.53
0.47 0.53
0.50 0.54
0.52 0.54
0.54 0.55
0.57 0.55
0.58 0.56
0.60 0.56
0.63 0.56
0.65 0.56
0.68 0.56
0.69 0.55
0.71 0.55
0.73 0.53
0.75 0.52
0.76 0.51
0.77 0.50
0.79 0.49
0.80 0.47
0.81 0.45
0.81 0.44
0.81 0.42
0.82 0.38
0.82 0.36
0.82 0.34
0.81 0.31
0.81 0.29
0.81 0.27
0.80 0.24
0.80 0.23
0.79 0.21
0.78 0.18
0.77 0.17
0.75 0.15
0.74 0.13
0.72 0.11
0.71 0.10
0.70 0.08
0.67 0.07
0.66 0.05
0.63 0.04
0.61 0.03
0.60 0.02
0.57 0.02
0.55 0.01
0.53 0.01
0.51 0.00
0.50 0.00
0.49 0.00
0.47 0.01
0.45 0.01
0.44 0.02
0.43 0.02
0.42 0.03
0.41 0.04
0.40 0.05
0.39 0.06
0.39 0.07
0.38 0.09
0.38 0.10
0.38 0.11
0.38 0.12
0.38 0.12
0.39 0.14
0.40 0.15
0.40 0.16
0.42 0.18
0.44 0.19
0.46 0.20
0.47 0.21
0.48 0.21
0.51 0.22
0.53 0.23
0.57 0.23
0.58 0.24
0.62 0.23
0.63 0.23
0.67 0.22
0.69 0.22
0.71 0.21
0.74 0.20
0.77 0.19
0.80 0.18
0.81 0.17
0.84 0.15
0.86 0.14
0.88 0.13
0.90 0.12
0.91 0.10
0.93 0.09
0.94 0.08
0.95 0.07
0.96 0.06
0.97 0.05
0.97 0.05
0.98 0.04
0.98 0.03
0.99 0.03
0.99 0.02
0.99 0.02
