0.755 0.809
0.725 0.835
0.713 0.841
0.706 0.844
0.702 0.844
0.692 0.847
0.679 0.850
0.669 0.850
0.660 0.853
0.644 0.853
0.628 0.853
0.619 0.853
0.609 0.853
0.600 0.853
0.586 0.850
0.568 0.850
0.559 0.850
0.545 0.850
0.531 0.847
0.513 0.847
0.501 0.844
0.490 0.838
0.476 0.835
0.453 0.827
0.437 0.821
0.423 0.812
0.402 0.800
0.393 0.794
0.381 0.789
0.370 0.777
0.354 0.768
0.333 0.754
0.319 0.742
0.296 0.724
0.255 0.681
0.232 0.660
0.218 0.643
0.204 0.625
0.181 0.599
0.172 0.582
0.160 0.567
0.149 0.541
0.142 0.520
0.135 0.497
0.126 0.474
0.121 0.453
0.116 0.436
0.112 0.415
0.107 0.392
0.107 0.375
0.109 0.357
0.114 0.334
0.119 0.316
0.123 0.302
0.126 0.287
0.132 0.273
0.139 0.255
0.144 0.241
0.153 0.229
0.165 0.211
0.181 0.197
0.190 0.188
0.206 0.176
0.225 0.162
0.234 0.156
0.245 0.147
0.259 0.141
0.282 0.133
0.296 0.130
0.315 0.130
0.335 0.127
0.349 0.127
0.363 0.130
0.384 0.136
0.409 0.144
0.427 0.153
0.453 0.171
0.467 0.185
0.480 0.203
0.506 0.226
0.522 0.241
0.536 0.264
0.552 0.284
0.570 0.313
0.582 0.334
0.591 0.360
0.600 0.389
0.614 0.407
0.628 0.439
0.635 0.462
0.642 0.485
0.649 0.512
0.653 0.535
0.658 0.555
0.662 0.587
0.667 0.608
0.669 0.625
0.672 0.652
0.674 0.672
0.674 0.690
0.676 0.707
0.679 0.730
0.679 0.745
0.679 0.759
0.681 0.800
0.681 0.812
0.681 0.821
0.681 0.827
0.681 0.832
0.681 0.835
0.681 0.841
0.681 0.847
0.681 0.850
0.681 0.853
0.681 0.847
0.681 0.838
0.679 0.818
0.679 0.800
0.679 0.786
0.674 0.762
0.672 0.736
0.669 0.719
0.667 0.690
0.665 0.663
0.662 0.643
0.660 0.611
0.658 0.590
0.656 0.564
0.653 0.532
0.653 0.509
0.653 0.485
0.653 0.456
0.656 0.436
0.658 0.413
0.660 0.389
0.667 0.369
0.674 0.351
0.683 0.334
0.690 0.313
0.697 0.299
0.702 0.287
0.709 0.278
0.725 0.264
0.741 0.249
0.750 0.241
0.764 0.232
0.782 0.226
0.796 0.223
0.805 0.223
0.817 0.223
0.842 0.223