0.472 -0.036
1.924 -0.036
2.108 0.095
2.615 0.398
2.730 0.427
2.846 0.453
2.800 0.453
2.385 0.471
2.408 0.631
5.541 0.812
6.048 0.608
5.910 0.509
5.588 0.488
5.565 0.485
5.495 0.480
5.426 0.468
5.403 0.465
5.426 0.465
5.588 0.465
8.975 0.474
10.426 0.450
11.002 0.415
11.048 0.413
11.071 0.413
11.187 0.413
2.477 0.529
2.615 0.529
3.399 0.523
4.205 0.512
4.574 0.512
3.491 0.506
2.707 0.547
2.454 0.620
2.776 0.730
3.583 0.733
3.767 0.727
4.251 0.780
6.855 1.071
2.546 1.036
3.629 0.827
4.182 0.713
4.251 0.704
4.205 0.704
3.329 0.733
2.339 0.794
3.859 0.745
4.182 0.690
3.721 0.576
2.961 0.541
3.030 0.547
4.873 0.739
7.823 0.931
8.537 0.931
8.767 0.911
9.366 0.931
10.311 1.063
-1.624400 -0.126800
-0.051200 -0.138200
-0.050200 -0.138200
-0.047500 -0.134700
-0.044700 -0.134700
-0.044700 -0.131200
-0.043800 -0.131200
-0.042900 -0.127700
-0.041900 -0.127700
-0.041000 -0.120700
-0.039200 -0.117200
-0.037300 -0.110200
-0.036400 -0.110200
-0.035500 -0.106700
-0.035500 -0.103200
-0.035500 -0.099700
-0.034600 -0.099700
-0.032700 -0.096200
-0.031800 -0.092700
-0.030900 -0.089200
-0.030000 -0.089200
-0.029000 -0.085700
-0.026300 -0.082200
-0.023500 -0.075200
-0.019800 -0.068200
-0.018000 -0.064700
-0.016100 -0.064700
-0.016100 -0.061200
-0.015200 -0.061200
-0.015200 -0.057700
-0.014300 -0.057700
-0.013400 -0.054200
-0.012400 -0.054200
-0.011500 -0.047200
-0.010600 -0.047200
-0.009700 -0.047200
-0.008800 -0.047200
-0.007800 -0.040200
-0.006900 -0.036700
-0.006000 -0.033200
-0.004100 -0.022700
0.000500 -0.008700
0.001400 -0.005200
0.004100 0.001700
0.007800 0.012200
0.011500 0.022700
0.017100 0.036700
0.019800 0.047200
0.023500 0.061200
0.027200 0.075200
0.029000 0.082200
0.031800 0.092700
0.032700 0.092700
0.032700 0.096200
0.033600 0.103200
0.035500 0.117200
0.039200 0.138200
0.043800 0.169700
0.047500 0.190700
0.049300 0.204700
0.050200 0.208200
0.052100 0.215200
0.053900 0.218700
0.056700 0.229200
0.062200 0.250100
0.066800 0.271100
0.069600 0.292100
0.076000 0.327100
0.079700 0.351600
0.081600 0.369100
0.083400 0.390100
0.086200 0.407600
0.086200 0.414600
0.087100 0.425100
0.091700 0.460100
0.092600 0.470600
0.094500 0.498500
0.098200 0.547500
0.103700 0.603500
0.111100 0.670000
0.114700 0.708500
0.118400 0.746900
0.119400 0.750400
0.120300 0.757400
0.121200 0.781900
0.123000 0.799400
0.123000 0.802900
0.123000 0.806400
0.123000 0.813400
0.123000 0.816900
0.123000 0.827400
0.123000 0.837900
0.123000 0.848400
0.123000 0.858900
0.123000 0.879900
0.124000 0.900900
0.124900 0.918400
0.125800 0.946400
0.126700 0.974300
0.126700 1.009300
0.126700 1.012800
0.126700 1.016300
0.126700 1.030300
0.126700 1.037300
0.126700 1.051300
0.126700 1.068800
0.126700 1.079300
0.126700 1.093300
0.126700 1.096800
0.126700 1.103800
0.126700 1.107300
0.125800 1.110800
0.125800 1.114300
0.125800 1.121300
0.124900 1.128300
0.124900 1.135300
0.124000 1.142300
0.123000 1.152800
0.123000 1.159800
0.122100 1.163300
0.122100 1.166800
0.121200 1.166800
0.120300 1.170300
0.120300 1.173800
0.119400 1.173800
0.118400 1.173800
0.116600 1.173800
0.115700 1.173800
0.113800 1.173800
0.112900 1.173800
0.112000 1.173800
0.111100 1.173800
0.110100 1.173800
0.109200 1.166800
0.108300 1.159800
0.107400 1.149300
0.107400 1.145800
0.106500 1.135300
0.106500 1.131800
0.106500 1.121300
0.106500 1.110800
0.105500 1.093300
0.105500 1.082800
0.105500 1.072300
0.105500 1.051300
0.105500 1.044300
0.105500 1.026800
0.105500 1.005800
0.105500 0.984800
0.105500 0.960300
0.105500 0.956900
0.105500 0.935900
0.102800 0.872900
0.099100 0.764400
0.096300 0.596500
0.096300 0.470600
0.096300 0.358600
0.102800 0.232700
0.115700 0.075200
0.130400 -0.057700
0.143300 -0.152200
0.147900 -0.159200
0.165400 -0.092700
0.236400 0.113700
0.282500 0.229200
0.259400 0.425100
0.133200 0.194200
0.023500 -0.113700
0.030000 -0.110200
0.195900 0.309600
0.258500 0.236200
0.253000 0.215200
0.253000 0.218700
0.258500 0.253600
