2.736 0.894
2.576 0.908
2.475 0.908
2.382 0.911
2.264 0.905
2.104 0.899
1.935 0.888
1.691 0.864
1.581 0.856
1.336 0.827
1.151 0.792
0.940 0.757
0.772 0.719
0.721 0.707
0.637 0.672
0.578 0.649
0.552 0.637
0.552 0.631
0.561 0.617
0.611 0.608
0.662 0.605
0.746 0.611
0.890 0.622
1.041 0.634
1.126 0.646
1.320 0.669
1.480 0.687
1.665 0.698
1.775 0.698
1.893 0.701
2.062 0.692
2.137 0.684
2.272 0.660
2.348 0.634
2.441 0.587
2.466 0.567
2.492 0.515
2.475 0.450
2.441 0.427
2.348 0.363
2.247 0.299
2.104 0.241
2.003 0.217
1.868 0.171
1.682 0.136
1.598 0.124
1.412 0.101
1.261 0.080
1.134 0.077
0.991 0.080
0.957 0.086
0.881 0.103
0.822 0.124
0.822 0.162
0.831 0.182
0.890 0.241
1.024 0.302
1.092 0.343
1.244 0.398
1.294 0.415
1.471 0.477
1.497 0.488
1.598 0.520
1.657 0.538
1.682 0.547
1.699 0.550
1.716 0.550
1.733 0.550
1.741 0.526
1.741 0.491
1.733 0.439
1.724 0.380
1.724 0.328
1.724 0.308
1.733 0.264
1.741 0.229
1.775 0.203
1.792 0.194
1.834 0.173
1.868 0.171
1.910 0.179
1.977 0.203
2.028 0.226
2.062 0.243
2.121 0.299
2.188 0.357
2.239 0.389
2.289 0.442
2.315 0.480
2.331 0.509
2.331 0.520
2.340 0.535
2.340 0.541
2.340 0.544
2.331 0.538
2.315 0.509
2.306 0.456
2.298 0.415
2.298 0.383
2.289 0.345
2.298 0.299
2.298 0.270
2.306 0.252
2.315 0.235
2.331 0.226
2.340 0.223
2.357 0.220
2.416 0.235
2.483 0.267
2.542 0.322
2.576 0.345
2.652 0.404
2.719 0.462
2.804 0.520
2.846 0.532
2.922 0.558
3.023 0.585
3.065 0.590
3.107 0.599
3.149 0.593
3.234 0.579
3.267 0.567
3.318 0.526
3.343 0.477
3.343 0.424
3.343 0.392
3.326 0.351
3.301 0.299
3.284 0.287
3.276 0.264
3.250 0.252
3.242 0.246
3.234 0.252
3.225 0.258
3.234 0.302
3.250 0.322
3.301 0.383
3.352 0.445
3.377 0.471
3.478 0.523
3.529 0.555
3.605 0.596
3.655 0.608
3.723 0.628
3.790 0.637
3.815 0.640
3.874 0.637
3.917 0.622
3.942 0.602
3.959 0.555
3.959 0.497
3.959 0.424
3.967 0.380
3.984 0.310
4.018 0.241
4.077 0.191
4.119 0.162
4.169 0.136
4.271 0.106
4.338 0.095
4.372 0.095
4.507 0.112
4.659 0.147
4.760 0.197
4.861 0.267
4.970 0.343
5.072 0.424
5.131 0.474
5.181 0.555
5.207 0.649
5.240 0.727
5.240 0.751
5.249 0.812
5.232 0.847
5.223 0.870
5.207 0.894
5.198 0.902
5.190 0.905
5.164 0.905
5.089 0.888
5.013 0.841
4.979 0.803
4.895 0.727
4.861 0.695
4.802 0.596
4.751 0.506
4.734 0.459
4.675 0.369
4.642 0.296
4.659 0.229
4.675 0.206
4.734 0.159
4.751 0.147
4.886 0.124
5.114 0.124
5.308 0.147
5.476 0.185
5.594 0.232
5.645 0.258
5.755 0.316
5.814 0.372
5.839 0.418
5.847 0.474
5.831 0.491
5.814 0.529
5.788 0.544
5.738 0.561
5.679 0.570
5.645 0.570
5.603 0.564
5.561 0.555
5.502 0.517
5.468 0.468
5.460 0.445
5.476 0.392
5.510 0.348
5.544 0.322
5.578 0.290
5.679 0.258
5.797 0.238
5.898 0.232
6.041 0.241
6.227 0.267
6.387 0.299
6.463 0.325
6.733 0.415
6.825 0.477
6.910 0.535
6.977 0.587
6.994 0.622
6.986 0.655
6.969 0.669
6.944 0.684
6.910 0.690
6.884 0.692
6.851 0.678
6.825 0.660
6.792 0.625
6.750 0.576
6.707 0.520
6.699 0.500
6.699 0.448
6.716 0.427
6.766 0.380
6.809 0.354
6.851 0.340
6.986 0.313
7.163 0.305
7.357 0.322
7.433 0.331
7.626 0.354
7.837 0.404
7.964 0.427
8.107 0.483
8.276 0.550
8.436 0.620
8.503 0.684
8.596 0.751
8.613 0.765
8.647 0.797
8.647 0.812
8.655 0.818
8.655 0.821
8.655 0.815
8.655 0.800
8.655 0.754
8.647 0.724
8.630 0.652
8.613 0.579
8.613 0.541
8.605 0.459
8.596 0.386
8.588 0.322
8.579 0.296
8.588 0.246
8.588 0.229
8.588 0.208
8.596 0.197
8.596 0.194
8.588 0.197
8.546 0.241
8.529 0.264
8.512 0.302
8.487 0.369
8.478 0.439
8.478 0.471
8.487 0.544
8.503 0.614
8.579 0.681
8.680 0.751
8.815 0.812
8.908 0.847
9.077 0.894
9.169 0.908
9.279 0.923
9.422 0.931
9.524 0.929
9.583 0.920
9.650 0.899
9.675 0.859
9.692 0.800
9.692 0.777
9.659 0.719
9.566 0.655
9.422 0.587
9.363 0.573
9.203 0.532
9.085 0.506
8.967 0.497
8.942 0.494
8.908 0.491
8.900 0.494
8.883 0.509
8.883 0.520
8.891 0.544
8.900 0.555
8.908 0.561
8.925 0.570
8.959 0.573
9.018 0.567
9.127 0.520
9.220 0.485
9.262 0.459
9.355 0.418
9.473 0.378
9.583 0.351
9.608 0.345
9.625 0.340
8.967 1.060
4.591 -0.103
4.465 -0.080
4.667 0.022
5.038 0.200
5.249 0.325
6.404 0.873
5.611 0.042
6.876 0.628
