109,42.4884275000000,-83.2762367000000
109.099999904633,42.4884387500000,-83.2762672500000
109.200000047684,42.4884500000000,-83.2762978000000
109.299999952316,42.4884611500000,-83.2763282500000
109.400000095367,42.4884723000000,-83.2763587000000
109.500000000000,42.4884834000000,-83.2763890000000
109.599999904633,42.4884945000000,-83.2764193000000
109.700000047684,42.4885056000000,-83.2764496500000
109.799999952316,42.4885167000000,-83.2764800000000
109.900000095367,42.4885277500000,-83.2765101500000
110,42.4885388000000,-83.2765403000000
110.099999904633,42.4885498000000,-83.2765705000000
110.200000047684,42.4885608000000,-83.2766007000000
110.299999952316,42.4885719000000,-83.2766307000000
110.400000095367,42.4885830000000,-83.2766607000000
110.500000000000,42.4885940000000,-83.2766906000000
110.599999904633,42.4886050000000,-83.2767205000000
110.700000047684,42.4886160000000,-83.2767504000000
110.799999952316,42.4886270000000,-83.2767803000000
110.900000095367,42.4886379000000,-83.2768101500000
111,42.4886488000000,-83.2768400000000
111.099999904633,42.4886597500000,-83.2768698500000
111.200000047684,42.4886707000000,-83.2768997000000
111.299999952316,42.4886816000000,-83.2769293500000
111.400000095367,42.4886925000000,-83.2769590000000
111.500000000000,42.4887033500000,-83.2769885000000
111.599999904633,42.4887142000000,-83.2770180000000
111.700000047684,42.4887250000000,-83.2770475000000
111.799999952316,42.4887358000000,-83.2770770000000
111.900000095367,42.4887465500000,-83.2771064000000
112,42.4887573000000,-83.2771358000000
112.099999904633,42.4887680500000,-83.2771651500000
112.200000047684,42.4887788000000,-83.2771945000000
112.299999952316,42.4887895500000,-83.2772236500000
112.400000095367,42.4888003000000,-83.2772528000000
112.500000000000,42.4888110000000,-83.2772819000000
112.599999904633,42.4888217000000,-83.2773110000000
112.700000047684,42.4888324500000,-83.2773401000000
112.799999952316,42.4888432000000,-83.2773692000000
112.900000095367,42.4888539500000,-83.2773983500000
113,42.4888647000000,-83.2774275000000
113.099999904633,42.4888754500000,-83.2774565000000
113.200000047684,42.4888862000000,-83.2774855000000
113.299999952316,42.4888969500000,-83.2775146000000
113.400000095367,42.4889077000000,-83.2775437000000
113.500000000000,42.4889183500000,-83.2775729500000
113.599999904633,42.4889290000000,-83.2776022000000
113.700000047684,42.4889397500000,-83.2776314500000
113.799999952316,42.4889505000000,-83.2776607000000
113.900000095367,42.4889611500000,-83.2776901000000
114,42.4889718000000,-83.2777195000000
114.099999904633,42.4889825500000,-83.2777490000000
114.200000047684,42.4889933000000,-83.2777785000000
114.299999952316,42.4890041500000,-83.2778081000000
114.400000095367,42.4890150000000,-83.2778377000000
114.500000000000,42.4890258500000,-83.2778673500000
114.599999904633,42.4890367000000,-83.2778970000000
114.700000047684,42.4890476000000,-83.2779266500000
114.799999952316,42.4890585000000,-83.2779563000000
114.900000095367,42.4890693500000,-83.2779861500000
115,42.4890802000000,-83.2780160000000
115.099999904633,42.4890911000000,-83.2780458500000
115.200000047684,42.4891020000000,-83.2780757000000
115.299999952316,42.4891128500000,-83.2781055000000
115.400000095367,42.4891237000000,-83.2781353000000
115.500000000000,42.4891346000000,-83.2781651500000
115.599999904633,42.4891455000000,-83.2781950000000
115.700000047684,42.4891565000000,-83.2782247500000
115.799999952316,42.4891675000000,-83.2782545000000
115.900000095367,42.4891786000000,-83.2782842500000
116,42.4891897000000,-83.2783140000000
116.099999904633,42.4892007500000,-83.2783436000000
116.200000047684,42.4892118000000,-83.2783732000000
116.299999952316,42.4892229000000,-83.2784028500000
116.400000095367,42.4892340000000,-83.2784325000000
116.500000000000,42.4892451000000,-83.2784621000000
116.599999904633,42.4892562000000,-83.2784917000000
116.700000047684,42.4892671000000,-83.2785212500000
116.799999952316,42.4892780000000,-83.2785508000000
116.900000095367,42.4892889000000,-83.2785804000000
117,42.4892998000000,-83.2786100000000
117.099999904633,42.4893107500000,-83.2786395000000
117.200000047684,42.4893217000000,-83.2786690000000
117.299999952316,42.4893325000000,-83.2786986000000
117.401000022888,42.4893433000000,-83.2787282000000
117.500000000000,42.4893542500000,-83.2787577500000
117.599999904633,42.4893652000000,-83.2787873000000
117.700000047684,42.4893760000000,-83.2788169000000
117.799999952316,42.4893868000000,-83.2788465000000
117.900000095367,42.4893976500000,-83.2788762500000
118,42.4894085000000,-83.2789060000000
118.099999904633,42.4894194000000,-83.2789356500000
118.200000047684,42.4894303000000,-83.2789653000000
118.299999952316,42.4894411500000,-83.2789950500000
118.400000095367,42.4894520000000,-83.2790248000000
118.500000000000,42.4894628500000,-83.2790545500000
118.599999904633,42.4894737000000,-83.2790843000000
118.700000047684,42.4894845000000,-83.2791140500000
118.799999952316,42.4894953000000,-83.2791438000000
118.900000095367,42.4895061500000,-83.2791735000000
119,42.4895170000000,-83.2792032000000
119.099999904633,42.4895278500000,-83.2792328500000
119.200000047684,42.4895387000000,-83.2792625000000
119.299999952316,42.4895495000000,-83.2792922500000
119.400000095367,42.4895603000000,-83.2793220000000
119.500000000000,42.4895710500000,-83.2793516500000
119.599999904633,42.4895818000000,-83.2793813000000
119.700000047684,42.4895926500000,-83.2794110000000
119.799999952316,42.4896035000000,-83.2794407000000
119.900000095367,42.4896142500000,-83.2794703500000
120,42.4896250000000,-83.2795000000000
120.099999904633,42.4896358500000,-83.2795296000000
120.200000047684,42.4896467000000,-83.2795592000000
120.299999952316,42.4896574500000,-83.2795887500000
120.400000095367,42.4896682000000,-83.2796183000000
120.500000000000,42.4896790000000,-83.2796478000000
120.599999904633,42.4896898000000,-83.2796773000000
120.700000047684,42.4897005500000,-83.2797068000000
120.799999952316,42.4897113000000,-83.2797363000000
120.901000022888,42.4897222500000,-83.2797657500000
121,42.4897332000000,-83.2797952000000
121.099999904633,42.4897440000000,-83.2798245000000
121.200000047684,42.4897548000000,-83.2798538000000
121.299999952316,42.4897656500000,-83.2798830500000
121.400000095367,42.4897765000000,-83.2799123000000
121.500000000000,42.4897873500000,-83.2799415000000
121.599999904633,42.4897982000000,-83.2799707000000
121.700000047684,42.4898089500000,-83.2799997000000
121.799999952316,42.4898197000000,-83.2800287000000
121.900000095367,42.4898304500000,-83.2800576000000
122,42.4898412000000,-83.2800865000000
122.099999904633,42.4898519500000,-83.2801151500000
122.200000047684,42.4898627000000,-83.2801438000000
122.299999952316,42.4898732000000,-83.2801725000000
122.400000095367,42.4898837000000,-83.2802012000000
122.500000000000,42.4898941000000,-83.2802296000000
122.599999904633,42.4899045000000,-83.2802580000000
122.700000047684,42.4899148500000,-83.2802862500000
122.799999952316,42.4899252000000,-83.2803145000000
122.900000095367,42.4899355000000,-83.2803426500000
123,42.4899458000000,-83.2803708000000
123.099999904633,42.4899560000000,-83.2803988000000
123.200000047684,42.4899662000000,-83.2804268000000
123.299999952316,42.4899762500000,-83.2804546500000
123.400000095367,42.4899863000000,-83.2804825000000
123.500000000000,42.4899964000000,-83.2805101500000
123.599999904633,42.4900065000000,-83.2805378000000
123.700000047684,42.4900165000000,-83.2805654000000
123.799999952316,42.4900265000000,-83.2805930000000
123.900000095367,42.4900364000000,-83.2806204000000
124,42.4900463000000,-83.2806478000000
124.099999904633,42.4900563000000,-83.2806750000000
124.200000047684,42.4900663000000,-83.2807022000000
124.299999952316,42.4900763000000,-83.2807293500000
124.400000095367,42.4900863000000,-83.2807565000000
124.500000000000,42.4900963000000,-83.2807836000000
124.599999904633,42.4901063000000,-83.2808107000000
124.700000047684,42.4901163000000,-83.2808377000000
124.799999952316,42.4901263000000,-83.2808647000000
124.900000095367,42.4901364000000,-83.2808916000000
125,42.4901465000000,-83.2809185000000
125.099999904633,42.4901565000000,-83.2809453500000
125.200000047684,42.4901665000000,-83.2809722000000
125.299999952316,42.4901766000000,-83.2809990000000
125.400000095367,42.4901867000000,-83.2810258000000
125.500000000000,42.4901967500000,-83.2810525500000
125.599999904633,42.4902068000000,-83.2810793000000
125.700000047684,42.4902169000000,-83.2811060500000
125.799999952316,42.4902270000000,-83.2811328000000
125.900000095367,42.4902371000000,-83.2811595000000
126,42.4902472000000,-83.2811862000000
126.099999904633,42.4902572500000,-83.2812128500000
126.200000047684,42.4902673000000,-83.2812395000000
126.299999952316,42.4902774000000,-83.2812661000000
126.400000095367,42.4902875000000,-83.2812927000000
126.500000000000,42.4902976500000,-83.2813192500000
126.599999904633,42.4903078000000,-83.2813458000000
126.700000047684,42.4903179000000,-83.2813724000000
126.799999952316,42.4903280000000,-83.2813990000000
126.900000095367,42.4903382500000,-83.2814256500000
127,42.4903485000000,-83.2814523000000
127.099999904633,42.4903587500000,-83.2814790000000
127.200000047684,42.4903690000000,-83.2815057000000
127.299999952316,42.4903793500000,-83.2815322500000
127.400000095367,42.4903897000000,-83.2815588000000
127.500000000000,42.4904000000000,-83.2815854000000
127.599999904633,42.4904103000000,-83.2816120000000
127.700000047684,42.4904206500000,-83.2816386500000
127.799999952316,42.4904310000000,-83.2816653000000
127.900000095367,42.4904413500000,-83.2816918000000
128,42.4904517000000,-83.2817183000000
128.099999904633,42.4904621000000,-83.2817449000000
128.200000047684,42.4904725000000,-83.2817715000000
128.299999952316,42.4904828500000,-83.2817981000000
128.400000095367,42.4904932000000,-83.2818247000000
128.500000000000,42.4905035000000,-83.2818512000000
128.599999904633,42.4905138000000,-83.2818777000000
128.700000047684,42.4905242500000,-83.2819042500000
128.799999952316,42.4905347000000,-83.2819308000000
128.900000095367,42.4905450000000,-83.2819574000000
129,42.4905553000000,-83.2819840000000
129.099999904633,42.4905658000000,-83.2820105000000
129.200000047684,42.4905763000000,-83.2820370000000
129.299999952316,42.4905868000000,-83.2820635000000
129.400000095367,42.4905973000000,-83.2820900000000
129.500000000000,42.4906079000000,-83.2821165000000
129.599999904633,42.4906185000000,-83.2821430000000
129.700000047684,42.4906291000000,-83.2821696000000
129.799999952316,42.4906397000000,-83.2821962000000
129.900000095367,42.4906503500000,-83.2822227500000
130,42.4906610000000,-83.2822493000000
130.099999904633,42.4906716500000,-83.2822760000000
130.200000047684,42.4906823000000,-83.2823027000000
130.299999952316,42.4906930500000,-83.2823293500000
130.400000095367,42.4907038000000,-83.2823560000000
130.500000000000,42.4907145500000,-83.2823826500000
130.599999904633,42.4907253000000,-83.2824093000000
130.700000047684,42.4907360500000,-83.2824360500000
130.799999952316,42.4907468000000,-83.2824628000000
130.900000095367,42.4907535000000,-83.2824795000000
131,42.4907602000000,-83.2824962000000
131.099999904633,42.4907683000000,-83.2825163000000
131.200000047684,42.4907900000000,-83.2825700000000
131.299999952316,42.4908008500000,-83.2825967500000
131.400000095367,42.4908117000000,-83.2826235000000
131.500000000000,42.4908226000000,-83.2826503500000
131.599999904633,42.4908335000000,-83.2826772000000
131.700000047684,42.4908442500000,-83.2827042000000
131.799999952316,42.4908550000000,-83.2827312000000
131.900000095367,42.4908617500000,-83.2827481000000
132,42.4908685000000,-83.2827650000000
132.099999904633,42.4908901000000,-83.2828191000000
132.200000047684,42.4908980000000,-83.2828395000000
132.299999952316,42.4909086500000,-83.2828666000000
132.400000095367,42.4909193000000,-83.2828937000000
132.500000000000,42.4909299000000,-83.2829207500000
132.599999904633,42.4909405000000,-83.2829478000000
132.700000047684,42.4909511000000,-83.2829747500000
132.799999952316,42.4909617000000,-83.2830017000000
132.901000022888,42.4909683000000,-83.2830184000000
132.999000072479,42.4909749000000,-83.2830351000000
133.099999904633,42.4909956000000,-83.2830891000000
133.200000047684,42.4910035000000,-83.2831090000000
133.299999952316,42.4910139000000,-83.2831357500000
133.400000095367,42.4910243000000,-83.2831625000000
133.500000000000,42.4910345500000,-83.2831890000000
133.599999904633,42.4910448000000,-83.2832155000000
133.700000047684,42.4910551500000,-83.2832418500000
133.799999952316,42.4910655000000,-83.2832682000000
133.900000095367,42.4910719500000,-83.2832846500000
134,42.4910784000000,-83.2833011000000
134.099999904633,42.4910860000000,-83.2833210000000
134.200000047684,42.4911065000000,-83.2833733000000
134.299999952316,42.4911168500000,-83.2833994000000
134.400000095367,42.4911272000000,-83.2834255000000
134.500000000000,42.4911374500000,-83.2834514000000
134.599999904633,42.4911477000000,-83.2834773000000
134.700000047684,42.4911579500000,-83.2835032500000
134.799999952316,42.4911682000000,-83.2835292000000
134.900000095367,42.4911745500000,-83.2835453000000
135,42.4911809000000,-83.2835614000000
135.099999904633,42.4911885000000,-83.2835807000000
135.200000047684,42.4912090000000,-83.2836322000000
135.299999952316,42.4912192500000,-83.2836580000000
135.400000095367,42.4912295000000,-83.2836838000000
135.500000000000,42.4912396500000,-83.2837095500000
135.599999904633,42.4912498000000,-83.2837353000000
135.700000047684,42.4912600500000,-83.2837611500000
135.799999952316,42.4912703000000,-83.2837870000000
135.900000095367,42.4912767000000,-83.2838031500000
136,42.4912831000000,-83.2838193000000
136.099999904633,42.4913034000000,-83.2838709000000
136.200000047684,42.4913110000000,-83.2838902000000
136.299999952316,42.4913211500000,-83.2839160000000
136.400000095367,42.4913313000000,-83.2839418000000
136.500000000000,42.4913414000000,-83.2839675500000
136.599999904633,42.4913515000000,-83.2839933000000
136.700000047684,42.4913616000000,-83.2840190000000
136.799999952316,42.4913717000000,-83.2840447000000
136.900000095367,42.4913817500000,-83.2840704500000
137,42.4913918000000,-83.2840962000000
137.099999904633,42.4914019000000,-83.2841218500000
137.200000047684,42.4914120000000,-83.2841475000000
137.299999952316,42.4914221000000,-83.2841731000000
137.400000095367,42.4914322000000,-83.2841987000000
137.500000000000,42.4914422500000,-83.2842242000000
137.599999904633,42.4914523000000,-83.2842497000000
137.700000047684,42.4914623000000,-83.2842751000000
137.799999952316,42.4914723000000,-83.2843005000000
137.900000095367,42.4914822500000,-83.2843259000000
138,42.4914922000000,-83.2843513000000
138.099999904633,42.4915022000000,-83.2843766500000
138.200000047684,42.4915122000000,-83.2844020000000
138.299999952316,42.4915222000000,-83.2844272500000
138.400000095367,42.4915322000000,-83.2844525000000
138.500000000000,42.4915421000000,-83.2844777500000
138.599999904633,42.4915520000000,-83.2845030000000
138.700000047684,42.4915619000000,-83.2845282500000
138.799999952316,42.4915718000000,-83.2845535000000
138.900000095367,42.4915817500000,-83.2845786000000
139,42.4915917000000,-83.2846037000000
139.099999904633,42.4916015000000,-83.2846287000000
139.200000047684,42.4916113000000,-83.2846537000000
139.299999952316,42.4916175000000,-83.2846693000000
139.400000095367,42.4916237000000,-83.2846849000000
139.500000000000,42.4916310000000,-83.2847035000000
139.599999904633,42.4916507000000,-83.2847532000000
139.700000047684,42.4916604500000,-83.2847779500000
139.799999952316,42.4916702000000,-83.2848027000000
139.900000095367,42.4916799500000,-83.2848273500000
140,42.4916897000000,-83.2848520000000
140.099999904633,42.4916994500000,-83.2848766500000
140.200000047684,42.4917092000000,-83.2849013000000
140.299999952316,42.4917188500000,-83.2849257500000
140.400000095367,42.4917285000000,-83.2849502000000
140.500000000000,42.4917382500000,-83.2849746000000
140.599999904633,42.4917480000000,-83.2849990000000
140.700000047684,42.4917576500000,-83.2850233500000
140.799999952316,42.4917673000000,-83.2850477000000
140.900000095367,42.4917770000000,-83.2850718500000
141,42.4917867000000,-83.2850960000000
141.099999904633,42.4917962500000,-83.2851201500000
141.200000047684,42.4918058000000,-83.2851443000000
141.299999952316,42.4918154000000,-83.2851685000000
141.400000095367,42.4918250000000,-83.2851927000000
141.500000000000,42.4918345000000,-83.2852168500000
141.599999904633,42.4918440000000,-83.2852410000000
141.700000047684,42.4918535000000,-83.2852651000000
141.799999952316,42.4918630000000,-83.2852892000000
141.900000095367,42.4918723500000,-83.2853131000000
142,42.4918817000000,-83.2853370000000
142.099999904633,42.4918875500000,-83.2853519500000
142.200000047684,42.4918934000000,-83.2853669000000
142.299999952316,42.4919005000000,-83.2853850000000
142.400000095367,42.4919190000000,-83.2854328000000
142.500000000000,42.4919282500000,-83.2854566500000
142.599999904633,42.4919375000000,-83.2854805000000
142.700000047684,42.4919467500000,-83.2855042500000
142.799999952316,42.4919560000000,-83.2855280000000
142.900000095367,42.4919653500000,-83.2855516000000
143,42.4919747000000,-83.2855752000000
143.099999904633,42.4919840000000,-83.2855988500000
143.200000047684,42.4919933000000,-83.2856225000000
143.299999952316,42.4919991500000,-83.2856372500000
143.400000095367,42.4920050000000,-83.2856520000000
143.500000000000,42.4920122000000,-83.2856693000000
143.599999904633,42.4920308000000,-83.2857162000000
143.700000047684,42.4920401500000,-83.2857395000000
143.799999952316,42.4920495000000,-83.2857628000000
143.900000095367,42.4920589000000,-83.2857860500000
144,42.4920683000000,-83.2858093000000
144.099999904633,42.4920776500000,-83.2858325000000
144.200000047684,42.4920870000000,-83.2858557000000
144.299999952316,42.4920963500000,-83.2858789500000
144.400000095367,42.4921057000000,-83.2859022000000
144.500000000000,42.4921150000000,-83.2859252000000
144.599999904633,42.4921243000000,-83.2859482000000
144.700000047684,42.4921335000000,-83.2859708500000
144.799999952316,42.4921427000000,-83.2859935000000
144.900000095367,42.4921517000000,-83.2860159000000
145,42.4921607000000,-83.2860383000000
145.099999904633,42.4921696000000,-83.2860604000000
145.200000047684,42.4921785000000,-83.2860825000000
145.299999952316,42.4921872500000,-83.2861039000000
145.401000022888,42.4921960000000,-83.2861253000000
145.500000000000,42.4922045000000,-83.2861461500000
145.599999904633,42.4922130000000,-83.2861670000000
145.700000047684,42.4922215000000,-83.2861873500000
145.799999952316,42.4922300000000,-83.2862077000000
145.900000095367,42.4922385000000,-83.2862274500000
146,42.4922470000000,-83.2862472000000
146.099999904633,42.4922555000000,-83.2862662500000
146.200000047684,42.4922640000000,-83.2862853000000
146.299999952316,42.4922725000000,-83.2863036500000
146.400000095367,42.4922810000000,-83.2863220000000
146.500000000000,42.4922897500000,-83.2863400000000
146.599999904633,42.4922985000000,-83.2863580000000
146.700000047684,42.4923076000000,-83.2863755000000
146.799999952316,42.4923167000000,-83.2863930000000
146.900000095367,42.4923258500000,-83.2864099000000
147,42.4923350000000,-83.2864268000000
147.099999904633,42.4923447500000,-83.2864432500000
147.200000047684,42.4923545000000,-83.2864597000000
147.299999952316,42.4923647500000,-83.2864756000000
147.400000095367,42.4923750000000,-83.2864915000000
147.500000000000,42.4923856500000,-83.2865066500000
147.599999904633,42.4923963000000,-83.2865218000000
147.700000047684,42.4924075000000,-83.2865365000000
147.799999952316,42.4924187000000,-83.2865512000000
147.900000095367,42.4924302500000,-83.2865651000000
148,42.4924418000000,-83.2865790000000
148.099999904633,42.4924491000000,-83.2865876000000
148.200000047684,42.4924564000000,-83.2865962000000
148.299999952316,42.4924658000000,-83.2866055000000
148.400000095367,42.4924809000000,-83.2866218000000
148.500000000000,42.4925035000000,-83.2866422000000
148.599999904633,42.4925166000000,-83.2866533500000
148.700000047684,42.4925297000000,-83.2866645000000
148.799999952316,42.4925431000000,-83.2866748500000
148.900000095367,42.4925565000000,-83.2866852000000
149,42.4925702500000,-83.2866946000000
149.099999904633,42.4925840000000,-83.2867040000000
149.200000047684,42.4925926500000,-83.2867097500000
149.299999952316,42.4926013000000,-83.2867155000000
149.400000095367,42.4926299000000,-83.2867312000000
149.500000000000,42.4926408000000,-83.2867358000000
149.599999904633,42.4926555000000,-83.2867421500000
149.700000047684,42.4926702000000,-83.2867485000000
149.799999952316,42.4926851000000,-83.2867538500000
149.900000095367,42.4927000000000,-83.2867592000000
150,42.4927151000000,-83.2867634500000
150.099999904633,42.4927302000000,-83.2867677000000
150.200000047684,42.4927396500000,-83.2867702000000
150.299999952316,42.4927491000000,-83.2867727000000
150.400000095367,42.4927798000000,-83.2867780000000
150.500000000000,42.4927913000000,-83.2867783000000
150.599999904633,42.4928066500000,-83.2867793000000
150.700000047684,42.4928220000000,-83.2867803000000
150.799999952316,42.4928374000000,-83.2867802500000
150.900000095367,42.4928528000000,-83.2867802000000
151,42.4928682500000,-83.2867791000000
151.099999904633,42.4928837000000,-83.2867780000000
151.200000047684,42.4928933500000,-83.2867772500000
151.299999952316,42.4929030000000,-83.2867765000000
151.400000095367,42.4929337000000,-83.2867710000000
151.500000000000,42.4929450000000,-83.2867675000000
151.599999904633,42.4929601500000,-83.2867633500000
151.700000047684,42.4929753000000,-83.2867592000000
151.799999952316,42.4929903000000,-83.2867540000000
151.900000095367,42.4930053000000,-83.2867488000000
152,42.4930202500000,-83.2867426500000
152.099999904633,42.4930352000000,-83.2867365000000
152.200000047684,42.4930498500000,-83.2867294000000
152.299999952316,42.4930645000000,-83.2867223000000
152.400000095367,42.4930790000000,-83.2867143000000
152.500000000000,42.4930935000000,-83.2867063000000
152.599999904633,42.4931078500000,-83.2866974000000
152.700000047684,42.4931222000000,-83.2866885000000
152.799999952316,42.4931362500000,-83.2866786500000
152.900000095367,42.4931503000000,-83.2866688000000
153,42.4931642500000,-83.2866581500000
153.099999904633,42.4931782000000,-83.2866475000000
153.200000047684,42.4931917500000,-83.2866360000000
153.299999952316,42.4932053000000,-83.2866245000000
153.400000095367,42.4932185500000,-83.2866119000000
153.500000000000,42.4932318000000,-83.2865993000000
153.599999904633,42.4932445500000,-83.2865858000000
153.700000047684,42.4932573000000,-83.2865723000000
153.799999952316,42.4932695500000,-83.2865579000000
153.900000095367,42.4932818000000,-83.2865435000000
154,42.4932935500000,-83.2865283500000
154.099999904633,42.4933053000000,-83.2865132000000
154.200000047684,42.4933166500000,-83.2864971000000
154.299999952316,42.4933280000000,-83.2864810000000
154.400000095367,42.4933386500000,-83.2864641000000
154.500000000000,42.4933493000000,-83.2864472000000
154.599999904633,42.4933594000000,-83.2864295000000
154.700000047684,42.4933695000000,-83.2864118000000
154.799999952316,42.4933789000000,-83.2863934000000
154.900000095367,42.4933883000000,-83.2863750000000
155,42.4933970000000,-83.2863561000000
155.099999904633,42.4934057000000,-83.2863372000000
155.200000047684,42.4934137500000,-83.2863176000000
155.299999952316,42.4934218000000,-83.2862980000000
155.400000095367,42.4934290500000,-83.2862779000000
155.500000000000,42.4934363000000,-83.2862578000000
155.599999904633,42.4934426500000,-83.2862372500000
155.700000047684,42.4934490000000,-83.2862167000000
155.799999952316,42.4934546000000,-83.2861955000000
155.900000095367,42.4934602000000,-83.2861743000000
156,42.4934647500000,-83.2861530000000
156.099999904633,42.4934693000000,-83.2861317000000
156.200000047684,42.4934731500000,-83.2861100000000
156.299999952316,42.4934770000000,-83.2860883000000
156.400000095367,42.4934800000000,-83.2860665000000
156.500000000000,42.4934830000000,-83.2860447000000
156.599999904633,42.4934851000000,-83.2860227000000
156.700000047684,42.4934872000000,-83.2860007000000
156.799999952316,42.4934885000000,-83.2859787500000
156.900000095367,42.4934898000000,-83.2859568000000
157,42.4934904000000,-83.2859348000000
157.099999904633,42.4934910000000,-83.2859128000000
157.200000047684,42.4934907500000,-83.2858910000000
157.299999952316,42.4934905000000,-83.2858692000000
157.400000095367,42.4934895000000,-83.2858474500000
157.500000000000,42.4934885000000,-83.2858257000000
157.599999904633,42.4934867500000,-83.2858041000000
157.700000047684,42.4934850000000,-83.2857825000000
157.799999952316,42.4934826000000,-83.2857612500000
157.900000095367,42.4934802000000,-83.2857400000000
158,42.4934769500000,-83.2857190000000
158.099999904633,42.4934737000000,-83.2856980000000
158.200000047684,42.4934716000000,-83.2856849500000
158.299999952316,42.4934695000000,-83.2856719000000
158.400000095367,42.4934657000000,-83.2856567000000
158.500000000000,42.4934562000000,-83.2856162000000
158.599999904633,42.4934507500000,-83.2855963500000
158.700000047684,42.4934453000000,-83.2855765000000
158.799999952316,42.4934391500000,-83.2855572500000
158.900000095367,42.4934330000000,-83.2855380000000
159,42.4934261500000,-83.2855191500000
159.099999904633,42.4934193000000,-83.2855003000000
159.200000047684,42.4934150500000,-83.2854886500000
159.299999952316,42.4934108000000,-83.2854770000000
159.400000095367,42.4934047000000,-83.2854637000000
159.500000000000,42.4933888000000,-83.2854280000000
159.599999904633,42.4933803000000,-83.2854109000000
159.700000047684,42.4933718000000,-83.2853938000000
159.799999952316,42.4933627500000,-83.2853775000000
159.900000095367,42.4933537000000,-83.2853612000000
160,42.4933441000000,-83.2853454500000
160.099999904633,42.4933345000000,-83.2853297000000
160.200000047684,42.4933284500000,-83.2853200000000
160.299999952316,42.4933224000000,-83.2853103000000
160.400000095367,42.4933014000000,-83.2852811000000
160.500000000000,42.4932930000000,-83.2852715000000
160.599999904633,42.4932819000000,-83.2852581000000
160.700000047684,42.4932708000000,-83.2852447000000
160.799999952316,42.4932593000000,-83.2852321000000
160.900000095367,42.4932478000000,-83.2852195000000
161,42.4932359000000,-83.2852076500000
161.099999904633,42.4932240000000,-83.2851958000000
161.200000047684,42.4932166000000,-83.2851885500000
161.299999952316,42.4932092000000,-83.2851813000000
161.400000095367,42.4931842000000,-83.2851603000000
161.500000000000,42.4931743000000,-83.2851535000000
161.599999904633,42.4931613000000,-83.2851441500000
161.700000047684,42.4931483000000,-83.2851348000000
161.799999952316,42.4931351500000,-83.2851264000000
161.900000095367,42.4931220000000,-83.2851180000000
162,42.4931086000000,-83.2851102500000
162.099999904633,42.4930952000000,-83.2851025000000
162.200000047684,42.4930868000000,-83.2850978000000
162.299999952316,42.4930784000000,-83.2850931000000
162.400000095367,42.4930680000000,-83.2850885000000
162.500000000000,42.4930405000000,-83.2850758000000
162.599999904633,42.4930266000000,-83.2850702500000
162.700000047684,42.4930127000000,-83.2850647000000
162.799999952316,42.4929987000000,-83.2850596000000
162.900000095367,42.4929847000000,-83.2850545000000
163,42.4929706000000,-83.2850500000000
163.099999904633,42.4929565000000,-83.2850455000000
163.200000047684,42.4929477500000,-83.2850428000000
163.299999952316,42.4929390000000,-83.2850401000000
163.401000022888,42.4929283000000,-83.2850377000000
163.499000072479,42.4929000000000,-83.2850310000000
163.599999904633,42.4928858500000,-83.2850281500000
163.700000047684,42.4928717000000,-83.2850253000000
163.799999952316,42.4928575000000,-83.2850230500000
163.900000095367,42.4928433000000,-83.2850208000000
164,42.4928290500000,-83.2850191500000
164.099999904633,42.4928148000000,-83.2850175000000
164.200000047684,42.4928059500000,-83.2850165500000
164.299999952316,42.4927971000000,-83.2850156000000
164.400000095367,42.4927862000000,-83.2850148000000
164.500000000000,42.4927573000000,-83.2850123000000
164.599999904633,42.4927427500000,-83.2850113000000
164.700000047684,42.4927282000000,-83.2850103000000
164.799999952316,42.4927136000000,-83.2850094000000
164.900000095367,42.4926990000000,-83.2850085000000
165,42.4926843500000,-83.2850076500000
165.099999904633,42.4926697000000,-83.2850068000000
165.200000047684,42.4926550000000,-83.2850060000000
165.299999952316,42.4926403000000,-83.2850052000000
165.400000095367,42.4926255000000,-83.2850044500000
165.500000000000,42.4926107000000,-83.2850037000000
165.599999904633,42.4925959500000,-83.2850030000000
165.700000047684,42.4925812000000,-83.2850023000000
165.799999952316,42.4925662000000,-83.2850015500000
165.900000095367,42.4925512000000,-83.2850008000000
166,42.4925361000000,-83.2850000500000
166.099999904633,42.4925210000000,-83.2849993000000
166.200000047684,42.4925058500000,-83.2849984000000
166.299999952316,42.4924907000000,-83.2849975000000
166.400000095367,42.4924754500000,-83.2849966000000
166.500000000000,42.4924602000000,-83.2849957000000
166.599999904633,42.4924448500000,-83.2849947000000
166.700000047684,42.4924295000000,-83.2849937000000
166.799999952316,42.4924141500000,-83.2849927000000
166.900000095367,42.4923988000000,-83.2849917000000
167,42.4923835000000,-83.2849907000000
167.099999904633,42.4923682000000,-83.2849897000000
167.200000047684,42.4923528500000,-83.2849887000000
167.299999952316,42.4923375000000,-83.2849877000000
167.400000095367,42.4923222500000,-83.2849866000000
167.500999927521,42.4923070000000,-83.2849855000000
167.599999904633,42.4922917500000,-83.2849846000000
167.700000047684,42.4922765000000,-83.2849837000000
167.799999952316,42.4922612500000,-83.2849827000000
167.900000095367,42.4922460000000,-83.2849817000000
168,42.4922307500000,-83.2849806000000
168.099999904633,42.4922155000000,-83.2849795000000
168.200000047684,42.4922002500000,-83.2849785000000
168.299999952316,42.4921850000000,-83.2849775000000
168.400000095367,42.4921697500000,-83.2849764000000
168.500000000000,42.4921545000000,-83.2849753000000
168.599999904633,42.4921391000000,-83.2849743000000
168.700000047684,42.4921237000000,-83.2849733000000
168.799999952316,42.4921082500000,-83.2849725000000
168.900000095367,42.4920928000000,-83.2849717000000
169,42.4920772500000,-83.2849709500000
169.099999904633,42.4920617000000,-83.2849702000000
169.200000047684,42.4920459500000,-83.2849694500000
169.299999952316,42.4920302000000,-83.2849687000000
169.400000095367,42.4920142500000,-83.2849679500000
169.500000000000,42.4919983000000,-83.2849672000000
169.599999904633,42.4919823000000,-83.2849666000000
169.700000047684,42.4919663000000,-83.2849660000000
169.799999952316,42.4919501500000,-83.2849653500000
169.900000095367,42.4919340000000,-83.2849647000000
170.000999927521,42.4919177500000,-83.2849640000000
170.099999904633,42.4919015000000,-83.2849633000000
170.200000047684,42.4918851500000,-83.2849628000000
170.299999952316,42.4918688000000,-83.2849623000000
170.400000095367,42.4918523000000,-83.2849618000000
170.500000000000,42.4918358000000,-83.2849613000000
170.599999904633,42.4918193000000,-83.2849608000000
170.700000047684,42.4918028000000,-83.2849603000000
170.799999952316,42.4917863000000,-83.2849596500000
170.900000095367,42.4917698000000,-83.2849590000000
171,42.4917531500000,-83.2849583500000
171.099999904633,42.4917365000000,-83.2849577000000
171.200000047684,42.4917157000000,-83.2849569000000
171.299999952316,42.4917030000000,-83.2849563000000
171.400000095367,42.4916855000000,-83.2849553000000
171.500000000000,42.4916680000000,-83.2849543000000
171.599999904633,42.4916466000000,-83.2849533000000
171.700000047684,42.4916318000000,-83.2849533000000
171.799999952316,42.4916100000000,-83.2849526000000
171.900000095367,42.4915962000000,-83.2849515000000
172,42.4915742000000,-83.2849505000000
172.099999904633,42.4915615000000,-83.2849498000000
172.200000047684,42.4915396000000,-83.2849489000000
172.299999952316,42.4915287000000,-83.2849495000000
172.400000095367,42.4915071000000,-83.2849489000000
172.500000000000,42.4914958000000,-83.2849480000000
172.599999904633,42.4914799000000,-83.2849481000000
172.700000047684,42.4914640000000,-83.2849482000000
172.799999952316,42.4914430000000,-83.2849477000000
172.900000095367,42.4914315000000,-83.2849475000000
173,42.4914107000000,-83.2849469000000
173.099999904633,42.4913985000000,-83.2849462000000
173.200000047684,42.4913778000000,-83.2849454000000
173.299999952316,42.4913652000000,-83.2849445000000
173.400000095367,42.4913444000000,-83.2849436000000
173.500000000000,42.4913310000000,-83.2849435000000
173.599999904633,42.4913101000000,-83.2849427000000
173.700000047684,42.4912968000000,-83.2849423000000
173.799999952316,42.4912757000000,-83.2849415000000
173.900000095367,42.4912625000000,-83.2849412000000
174,42.4912412000000,-83.2849404000000
174.099999904633,42.4912285000000,-83.2849402000000
174.200000047684,42.4912073000000,-83.2849394000000
174.299999952316,42.4911900000000,-83.2849388000000
174.400000095367,42.4911947000000,-83.2849397000000
174.500000000000,42.4911610000000,-83.2849392000000
174.599999904633,42.4911444000000,-83.2849392500000
174.700000047684,42.4911278000000,-83.2849393000000
174.799999952316,42.4911069000000,-83.2849391000000
174.900000095367,42.4910942000000,-83.2849395000000
175,42.4910733000000,-83.2849396000000
175.099999904633,42.4910607000000,-83.2849403000000
175.200000047684,42.4910503500000,-83.2849405000000
175.299999952316,42.4910400000000,-83.2849407000000
175.400000095367,42.4910278000000,-83.2849418000000
175.500000000000,42.4910074000000,-83.2849428000000
175.599999904633,42.4909788000000,-83.2849455000000
175.700000047684,42.4909623000000,-83.2849476000000
175.799999952316,42.4909458000000,-83.2849497000000
175.900000095367,42.4909296500000,-83.2849523500000
176,42.4909135000000,-83.2849550000000
176.099999904633,42.4908976000000,-83.2849585000000
176.200000047684,42.4908817000000,-83.2849620000000
176.299999952316,42.4908718500000,-83.2849643500000
176.400000095367,42.4908620000000,-83.2849667000000
176.500000000000,42.4908307000000,-83.2849764000000
176.599999904633,42.4908197000000,-83.2849815000000
176.700000047684,42.4908042500000,-83.2849875000000
176.799999952316,42.4907888000000,-83.2849935000000
176.900000095367,42.4907739000000,-83.2850008500000
177,42.4907590000000,-83.2850082000000
177.099999904633,42.4907440000000,-83.2850157500000
177.200000047684,42.4907290000000,-83.2850233000000
177.299999952316,42.4907196000000,-83.2850281500000
177.401000022888,42.4907102000000,-83.2850330000000
177.500000000000,42.4906990000000,-83.2850393000000
177.599999904633,42.4906693000000,-83.2850572000000
177.700000047684,42.4906542500000,-83.2850662500000
177.799999952316,42.4906392000000,-83.2850753000000
177.900000095367,42.4906242000000,-83.2850850000000
178,42.4906092000000,-83.2850947000000
178.099999904633,42.4905942500000,-83.2851047500000
178.200000047684,42.4905793000000,-83.2851148000000
178.299999952316,42.4905701000000,-83.2851211000000
178.400000095367,42.4905609000000,-83.2851274000000
178.500000000000,42.4905313000000,-83.2851479000000
178.599999904633,42.4905197000000,-83.2851553000000
178.700000047684,42.4905050000000,-83.2851660000000
178.799999952316,42.4904903000000,-83.2851767000000
178.900000095367,42.4904754000000,-83.2851874500000
179,42.4904605000000,-83.2851982000000
179.099999904633,42.4904456000000,-83.2852090000000
179.200000047684,42.4904307000000,-83.2852198000000
179.299999952316,42.4904156000000,-83.2852305500000
179.400000095367,42.4904005000000,-83.2852413000000
179.500000000000,42.4903856000000,-83.2852522500000
179.599999904633,42.4903707000000,-83.2852632000000
179.700000047684,42.4903557000000,-83.2852743500000
179.799999952316,42.4903407000000,-83.2852855000000
179.900000095367,42.4903256000000,-83.2852965000000
180,42.4903105000000,-83.2853075000000
180.099999904633,42.4902952500000,-83.2853188500000
180.200000047684,42.4902800000000,-83.2853302000000
180.299999952316,42.4902647500000,-83.2853414500000
180.400000095367,42.4902495000000,-83.2853527000000
180.500000000000,42.4902343500000,-83.2853638500000
180.599999904633,42.4902192000000,-83.2853750000000
180.700000047684,42.4902040000000,-83.2853863500000
180.799999952316,42.4901888000000,-83.2853977000000
180.900000095367,42.4901737500000,-83.2854088500000
181,42.4901587000000,-83.2854200000000
181.099999904633,42.4901435000000,-83.2854312500000
181.200000047684,42.4901283000000,-83.2854425000000
181.299999952316,42.4901130500000,-83.2854536500000
181.400000095367,42.4900978000000,-83.2854648000000
181.500000000000,42.4900828000000,-83.2854760500000
181.599999904633,42.4900678000000,-83.2854873000000
181.700000047684,42.4900527500000,-83.2854983000000
181.799999952316,42.4900377000000,-83.2855093000000
181.900000095367,42.4900228500000,-83.2855204000000
182,42.4900080000000,-83.2855315000000
182.099999904633,42.4899931000000,-83.2855426000000
182.200000047684,42.4899782000000,-83.2855537000000
182.299999952316,42.4899633500000,-83.2855647000000
182.400000095367,42.4899485000000,-83.2855757000000
182.500000000000,42.4899336000000,-83.2855866000000
182.599999904633,42.4899187000000,-83.2855975000000
182.700000047684,42.4899037000000,-83.2856082500000
182.799999952316,42.4898887000000,-83.2856190000000
182.900000095367,42.4898738500000,-83.2856297500000
183,42.4898590000000,-83.2856405000000
183.099999904633,42.4898442500000,-83.2856510000000
183.200000047684,42.4898295000000,-83.2856615000000
183.299999952316,42.4898146000000,-83.2856719000000
183.400000095367,42.4897997000000,-83.2856823000000
183.500000000000,42.4897847500000,-83.2856926500000
183.599999904633,42.4897698000000,-83.2857030000000
183.700000047684,42.4897549000000,-83.2857131000000
183.799999952316,42.4897400000000,-83.2857232000000
183.900000095367,42.4897250000000,-83.2857330000000
184,42.4897100000000,-83.2857428000000
184.099999904633,42.4896948500000,-83.2857525000000
184.200000047684,42.4896797000000,-83.2857622000000
184.299999952316,42.4896644500000,-83.2857717000000
184.400000095367,42.4896492000000,-83.2857812000000
184.500000000000,42.4896339500000,-83.2857904500000
184.599999904633,42.4896187000000,-83.2857997000000
184.700000047684,42.4896032500000,-83.2858086000000
184.799999952316,42.4895878000000,-83.2858175000000
184.900000095367,42.4895723000000,-83.2858261000000
185,42.4895568000000,-83.2858347000000
185.099999904633,42.4895411500000,-83.2858427500000
185.200000047684,42.4895255000000,-83.2858508000000
185.299999952316,42.4895097500000,-83.2858584000000
185.400000095367,42.4894940000000,-83.2858660000000
185.500000000000,42.4894781500000,-83.2858729000000
185.599999904633,42.4894623000000,-83.2858798000000
185.700000047684,42.4894462500000,-83.2858860500000
185.799999952316,42.4894302000000,-83.2858923000000
185.900000095367,42.4894142000000,-83.2858978000000
186,42.4893982000000,-83.2859033000000
186.099999904633,42.4893820000000,-83.2859081500000
186.200000047684,42.4893658000000,-83.2859130000000
186.299999952316,42.4893496500000,-83.2859168500000
186.400000095367,42.4893335000000,-83.2859207000000
186.500000000000,42.4893172500000,-83.2859234500000
186.599999904633,42.4893010000000,-83.2859262000000
186.700000047684,42.4892846500000,-83.2859277500000
186.799999952316,42.4892683000000,-83.2859293000000
186.900000095367,42.4892520000000,-83.2859298000000
187,42.4892357000000,-83.2859303000000
187.099999904633,42.4892192500000,-83.2859297500000
187.200000047684,42.4892028000000,-83.2859292000000
187.299999952316,42.4891865500000,-83.2859274500000
187.400000095367,42.4891703000000,-83.2859257000000
187.500000000000,42.4891540000000,-83.2859228500000
187.599999904633,42.4891377000000,-83.2859200000000
187.700000047684,42.4891215000000,-83.2859160000000
187.799999952316,42.4891053000000,-83.2859120000000
187.900000095367,42.4890891500000,-83.2859069000000
188,42.4890730000000,-83.2859018000000
188.099999904633,42.4890571000000,-83.2858955500000
188.200000047684,42.4890412000000,-83.2858893000000
188.299999952316,42.4890254500000,-83.2858820000000
188.400000095367,42.4890097000000,-83.2858747000000
188.500000000000,42.4889942000000,-83.2858661000000
188.599999904633,42.4889787000000,-83.2858575000000
188.700000047684,42.4889634500000,-83.2858477500000
188.799999952316,42.4889482000000,-83.2858380000000
188.900000095367,42.4889332500000,-83.2858272500000
189,42.4889183000000,-83.2858165000000
189.099999904633,42.4889037500000,-83.2858046000000
189.200000047684,42.4888892000000,-83.2857927000000
189.299999952316,42.4888750000000,-83.2857797500000
189.400000095367,42.4888608000000,-83.2857668000000
189.500000000000,42.4888470500000,-83.2857530000000
189.599999904633,42.4888333000000,-83.2857392000000
189.700000047684,42.4888200000000,-83.2857242500000
189.799999952316,42.4888067000000,-83.2857093000000
189.900000095367,42.4887938500000,-83.2856935000000
190,42.4887810000000,-83.2856777000000
190.099999904633,42.4887686000000,-83.2856608500000
190.200000047684,42.4887562000000,-83.2856440000000
190.299999952316,42.4887442500000,-83.2856263500000
190.400000095367,42.4887323000000,-83.2856087000000
190.500000000000,42.4887210500000,-83.2855901000000
190.599999904633,42.4887098000000,-83.2855715000000
190.700000047684,42.4886990000000,-83.2855520000000
190.799999952316,42.4886882000000,-83.2855325000000
190.900000095367,42.4886779500000,-83.2855125000000
191,42.4886677000000,-83.2854925000000
191.099999904633,42.4886577500000,-83.2854719000000
191.200000047684,42.4886478000000,-83.2854513000000
191.299999952316,42.4886381500000,-83.2854304000000
191.400000095367,42.4886285000000,-83.2854095000000
191.500000000000,42.4886191500000,-83.2853881000000
191.599999904633,42.4886098000000,-83.2853667000000
191.700000047684,42.4886006500000,-83.2853449500000
191.799999952316,42.4885915000000,-83.2853232000000
191.900000095367,42.4885822500000,-83.2853013500000
192,42.4885730000000,-83.2852795000000
192.099999904633,42.4885638500000,-83.2852573500000
192.200000047684,42.4885547000000,-83.2852352000000
192.299999952316,42.4885455000000,-83.2852127000000
192.400000095367,42.4885363000000,-83.2851902000000
192.500000000000,42.4885271500000,-83.2851674500000
192.599999904633,42.4885180000000,-83.2851447000000
192.700000047684,42.4885088500000,-83.2851217500000
192.799999952316,42.4884997000000,-83.2850988000000
192.900000095367,42.4884904500000,-83.2850756500000
193,42.4884812000000,-83.2850525000000
193.099999904633,42.4884719500000,-83.2850291000000
193.200000047684,42.4884627000000,-83.2850057000000
193.299999952316,42.4884535000000,-83.2849821000000
193.400000095367,42.4884443000000,-83.2849585000000
193.500000000000,42.4884352500000,-83.2849347500000
193.599999904633,42.4884262000000,-83.2849110000000
193.700000047684,42.4884149000000,-83.2848813000000
193.799999952316,42.4884080000000,-83.2848633000000
193.900000095367,42.4883967000000,-83.2848335000000
194,42.4883898000000,-83.2848155000000
194.099999904633,42.4883785000000,-83.2847856000000
194.200000047684,42.4883717000000,-83.2847675000000
194.299999952316,42.4883603000000,-83.2847375000000
194.400000095367,42.4883538000000,-83.2847198000000
194.500000000000,42.4883426000000,-83.2846900000000
194.599999904633,42.4883372000000,-83.2846728000000
194.700000047684,42.4883263000000,-83.2846432000000
194.799999952316,42.4883205000000,-83.2846263000000
194.900000095367,42.4883098000000,-83.2845971000000
195,42.4883052000000,-83.2845812000000
195.099999904633,42.4882948000000,-83.2845525000000
195.200000047684,42.4882875000000,-83.2845375000000
195.299999952316,42.4882770000000,-83.2845095000000
195.400000095367,42.4882767000000,-83.2844942000000
195.500000000000,42.4882672000000,-83.2844664000000
195.599999904633,42.4882602000000,-83.2844430000000
195.700000047684,42.4882504000000,-83.2844140000000
195.799999952316,42.4882433000000,-83.2843922000000
195.900000095367,42.4882334000000,-83.2843624000000
196,42.4882257000000,-83.2843412000000
196.099999904633,42.4882161000000,-83.2843151000000
196.200000047684,42.4882065000000,-83.2842890000000
196.299999952316,42.4881968500000,-83.2842629000000
196.400000095367,42.4881872000000,-83.2842368000000
196.500000000000,42.4881775000000,-83.2842105500000
196.599999904633,42.4881678000000,-83.2841843000000
196.700000047684,42.4881577500000,-83.2841576500000
196.799999952316,42.4881477000000,-83.2841310000000
196.900000095367,42.4881375000000,-83.2841041500000
197,42.4881273000000,-83.2840773000000
197.099999904633,42.4881170000000,-83.2840507500000
197.200000047684,42.4881067000000,-83.2840242000000
197.299999952316,42.4880963500000,-83.2839975000000
197.400000095367,42.4880860000000,-83.2839708000000
197.500000000000,42.4880755000000,-83.2839440500000
197.599999904633,42.4880650000000,-83.2839173000000
197.700000047684,42.4880544000000,-83.2838904000000
197.799999952316,42.4880438000000,-83.2838635000000
197.900000095367,42.4880327500000,-83.2838362500000
198,42.4880217000000,-83.2838090000000
198.099999904633,42.4880107500000,-83.2837816500000
198.200000047684,42.4879998000000,-83.2837543000000
198.299999952316,42.4879884000000,-83.2837275000000
198.400000095367,42.4879770000000,-83.2837007000000
198.500000000000,42.4879665000000,-83.2836736000000
198.599999904633,42.4879560000000,-83.2836465000000
198.700000047684,42.4879450000000,-83.2836182500000
198.799999952316,42.4879340000000,-83.2835900000000
198.900000095367,42.4879232500000,-83.2835616000000
199,42.4879125000000,-83.2835332000000
199.099999904633,42.4879018500000,-83.2835048500000
199.200000047684,42.4878912000000,-83.2834765000000
199.299999952316,42.4878803500000,-83.2834482500000
199.400000095367,42.4878695000000,-83.2834200000000
199.500000000000,42.4878589000000,-83.2833920000000
199.599999904633,42.4878483000000,-83.2833640000000
199.700000047684,42.4878376500000,-83.2833357500000
199.799999952316,42.4878270000000,-83.2833075000000
199.900000095367,42.4878163500000,-83.2832793500000
200,42.4878057000000,-83.2832512000000
200.099999904633,42.4877948500000,-83.2832226000000
200.200000047684,42.4877840000000,-83.2831940000000
200.299999952316,42.4877733500000,-83.2831654000000
200.400000095367,42.4877627000000,-83.2831368000000
200.500000000000,42.4877522500000,-83.2831085500000
200.599999904633,42.4877418000000,-83.2830803000000
200.700000047684,42.4877311500000,-83.2830519000000
200.799999952316,42.4877205000000,-83.2830235000000
200.900000095367,42.4877098500000,-83.2829947500000
201,42.4876992000000,-83.2829660000000
201.099999904633,42.4876884500000,-83.2829371500000
201.200000047684,42.4876777000000,-83.2829083000000
201.299999952316,42.4876667000000,-83.2828791500000
201.400000095367,42.4876557000000,-83.2828500000000
201.500000000000,42.4876451000000,-83.2828210000000
201.599999904633,42.4876345000000,-83.2827920000000
201.700000047684,42.4876239000000,-83.2827630000000
201.799999952316,42.4876133000000,-83.2827340000000
201.900000095367,42.4876026500000,-83.2827051000000
202,42.4875920000000,-83.2826762000000
202.099999904633,42.4875811500000,-83.2826472000000
202.200000047684,42.4875703000000,-83.2826182000000
202.299999952316,42.4875594000000,-83.2825888500000
202.400000095367,42.4875485000000,-83.2825595000000
202.500000000000,42.4875374000000,-83.2825301000000
202.599999904633,42.4875263000000,-83.2825007000000
202.700000047684,42.4875153000000,-83.2824716000000
202.799999952316,42.4875043000000,-83.2824425000000
202.900000095367,42.4874935000000,-83.2824133500000
203,42.4874827000000,-83.2823842000000
203.099999904633,42.4874718500000,-83.2823551000000
203.200000047684,42.4874610000000,-83.2823260000000
203.299999952316,42.4874501500000,-83.2822970000000
203.400000095367,42.4874393000000,-83.2822680000000
203.500000000000,42.4874284000000,-83.2822390000000
203.599999904633,42.4874175000000,-83.2822100000000
203.700000047684,42.4874067500000,-83.2821809000000
203.799999952316,42.4873960000000,-83.2821518000000
203.900000095367,42.4873853500000,-83.2821230000000
204,42.4873747000000,-83.2820942000000
204.099999904633,42.4873640000000,-83.2820653500000
204.200000047684,42.4873533000000,-83.2820365000000
204.299999952316,42.4873425500000,-83.2820078500000
204.400000095367,42.4873318000000,-83.2819792000000
204.500000000000,42.4873211500000,-83.2819506000000
204.599999904633,42.4873105000000,-83.2819220000000
204.700000047684,42.4872998500000,-83.2818933500000
204.799999952316,42.4872892000000,-83.2818647000000
204.900000095367,42.4872784500000,-83.2818360000000
205,42.4872677000000,-83.2818073000000
205.099999904633,42.4872571000000,-83.2817784000000
205.200000047684,42.4872465000000,-83.2817495000000
205.299999952316,42.4872358500000,-83.2817208500000
205.400000095367,42.4872252000000,-83.2816922000000
205.500000000000,42.4872144500000,-83.2816636000000
205.599999904633,42.4872037000000,-83.2816350000000
205.700000047684,42.4871929500000,-83.2816061500000
205.799999952316,42.4871822000000,-83.2815773000000
205.900000095367,42.4871712500000,-83.2815479000000
206,42.4871603000000,-83.2815185000000
206.099999904633,42.4871494000000,-83.2814889000000
206.200000047684,42.4871385000000,-83.2814593000000
206.299999952316,42.4871276000000,-83.2814298000000
206.400000095367,42.4871167000000,-83.2814003000000
206.500000000000,42.4871057000000,-83.2813710000000
206.599999904633,42.4870947000000,-83.2813417000000
206.700000047684,42.4870836000000,-83.2813120000000
206.799999952316,42.4870725000000,-83.2812823000000
206.900000095367,42.4870616000000,-83.2812527500000
207,42.4870507000000,-83.2812232000000
207.099999904633,42.4870395000000,-83.2811934500000
207.200000047684,42.4870283000000,-83.2811637000000
207.299999952316,42.4870213500000,-83.2811451500000
207.401000022888,42.4870144000000,-83.2811266000000
207.500000000000,42.4870058000000,-83.2811042000000
207.599999904633,42.4869833000000,-83.2810442000000
207.700000047684,42.4869721500000,-83.2810142500000
207.799999952316,42.4869610000000,-83.2809843000000
207.900000095367,42.4869496500000,-83.2809543000000
208,42.4869383000000,-83.2809243000000
208.099999904633,42.4869271500000,-83.2808941500000
208.200000047684,42.4869160000000,-83.2808640000000
208.299999952316,42.4869047500000,-83.2808340000000
208.400000095367,42.4868935000000,-83.2808040000000
208.500000000000,42.4868821500000,-83.2807740000000
208.599999904633,42.4868708000000,-83.2807440000000
208.700000047684,42.4868595500000,-83.2807137500000
208.799999952316,42.4868483000000,-83.2806835000000
208.900000095367,42.4868371500000,-83.2806532500000
209,42.4868260000000,-83.2806230000000
209.099999904633,42.4868146500000,-83.2805926500000
209.200000047684,42.4868033000000,-83.2805623000000
209.299999952316,42.4867964000000,-83.2805435000000
209.401000022888,42.4867895000000,-83.2805247000000
209.499000072479,42.4867812000000,-83.2805020000000
209.599999904633,42.4867588000000,-83.2804415000000
209.700000047684,42.4867476500000,-83.2804111500000
209.799999952316,42.4867365000000,-83.2803808000000
209.900000095367,42.4867254000000,-83.2803507500000
210,42.4867143000000,-83.2803207000000
210.099999904633,42.4867034000000,-83.2802906000000
210.200000047684,42.4866925000000,-83.2802605000000
210.299999952316,42.4866815000000,-83.2802304000000
210.400000095367,42.4866705000000,-83.2802003000000
210.500000000000,42.4866595000000,-83.2801702500000
210.599999904633,42.4866485000000,-83.2801402000000
210.700000047684,42.4866376000000,-83.2801102000000
210.799999952316,42.4866267000000,-83.2800802000000
210.900000095367,42.4866157000000,-83.2800501000000
211,42.4866047000000,-83.2800200000000
211.099999904633,42.4865937500000,-83.2799899000000
211.200000047684,42.4865828000000,-83.2799598000000
211.299999952316,42.4865720000000,-83.2799298000000
211.400000095367,42.4865612000000,-83.2798998000000
211.500000000000,42.4865504500000,-83.2798697500000
211.599999904633,42.4865397000000,-83.2798397000000
211.700000047684,42.4865289500000,-83.2798097500000
211.799999952316,42.4865182000000,-83.2797798000000
211.900000095367,42.4865075000000,-83.2797498000000
212,42.4864968000000,-83.2797198000000
212.099999904633,42.4864861500000,-83.2796899000000
212.200000047684,42.4864755000000,-83.2796600000000
212.299999952316,42.4864649000000,-83.2796301000000
212.401000022888,42.4864543000000,-83.2796002000000
212.500000000000,42.4864439000000,-83.2795703500000
212.599999904633,42.4864335000000,-83.2795405000000
212.700000047684,42.4864231000000,-83.2795106500000
212.799999952316,42.4864127000000,-83.2794808000000
212.900000095367,42.4864024500000,-83.2794509000000
213,42.4863922000000,-83.2794210000000
213.099999904633,42.4863819500000,-83.2793911000000
213.200000047684,42.4863717000000,-83.2793612000000
213.299999952316,42.4863617000000,-83.2793312000000
213.400000095367,42.4863517000000,-83.2793012000000
213.500000000000,42.4863418500000,-83.2792712000000
213.599999904633,42.4863320000000,-83.2792412000000
213.700000047684,42.4863222500000,-83.2792112000000
213.799999952316,42.4863125000000,-83.2791812000000
213.900000095367,42.4863028500000,-83.2791511000000
214,42.4862932000000,-83.2791210000000
214.099999904633,42.4862836000000,-83.2790908500000
214.200000047684,42.4862740000000,-83.2790607000000
214.299999952316,42.4862644000000,-83.2790305000000
214.400000095367,42.4862548000000,-83.2790003000000
214.500000000000,42.4862453000000,-83.2789701500000
214.599999904633,42.4862358000000,-83.2789400000000
214.700000047684,42.4862264000000,-83.2789098500000
214.799999952316,42.4862170000000,-83.2788797000000
214.900000095367,42.4862076000000,-83.2788494500000
215,42.4861982000000,-83.2788192000000
215.099999904633,42.4861888500000,-83.2787887500000
215.200000047684,42.4861795000000,-83.2787583000000
215.299999952316,42.4861701500000,-83.2787280000000
215.400000095367,42.4861608000000,-83.2786977000000
215.500000000000,42.4861515000000,-83.2786672500000
215.599999904633,42.4861422000000,-83.2786368000000
215.700000047684,42.4861328500000,-83.2786063000000
215.799999952316,42.4861235000000,-83.2785758000000
215.901000022888,42.4861143500000,-83.2785452500000
216,42.4861052000000,-83.2785147000000
216.099999904633,42.4860960000000,-83.2784841000000
216.200000047684,42.4860868000000,-83.2784535000000
216.299999952316,42.4860777500000,-83.2784227500000
216.400000095367,42.4860687000000,-83.2783920000000
216.500000000000,42.4860596000000,-83.2783612500000
216.599999904633,42.4860505000000,-83.2783305000000
216.700000047684,42.4860416000000,-83.2782996000000
216.799999952316,42.4860327000000,-83.2782687000000
216.900000095367,42.4860238500000,-83.2782377500000
217,42.4860150000000,-83.2782068000000
217.099999904633,42.4860061500000,-83.2781757500000
217.200000047684,42.4859973000000,-83.2781447000000
217.299999952316,42.4859886500000,-83.2781135000000
217.400000095367,42.4859800000000,-83.2780823000000
217.500000000000,42.4859714000000,-83.2780510500000
217.599999904633,42.4859628000000,-83.2780198000000
217.700000047684,42.4859542500000,-83.2779885000000
217.799999952316,42.4859457000000,-83.2779572000000
217.901000022888,42.4859372000000,-83.2779257500000
217.999000072479,42.4859287000000,-83.2778943000000
218.099999904633,42.4859203500000,-83.2778628000000
218.200000047684,42.4859120000000,-83.2778313000000
218.299999952316,42.4859036500000,-83.2777996500000
218.401000022888,42.4858953000000,-83.2777680000000
218.500000000000,42.4858869000000,-83.2777362500000
218.599999904633,42.4858785000000,-83.2777045000000
218.700000047684,42.4858701500000,-83.2776727500000
218.799999952316,42.4858618000000,-83.2776410000000
218.900000095367,42.4858535000000,-83.2776092500000
219,42.4858452000000,-83.2775775000000
219.099999904633,42.4858369500000,-83.2775456500000
219.200000047684,42.4858287000000,-83.2775138000000
219.299999952316,42.4858235500000,-83.2774940000000
219.401000022888,42.4858184000000,-83.2774742000000
219.500000000000,42.4858120000000,-83.2774503000000
219.599999904633,42.4857957000000,-83.2773865000000
219.700000047684,42.4857875000000,-83.2773546000000
219.799999952316,42.4857793000000,-83.2773227000000
219.900000095367,42.4857711500000,-83.2772907000000
220,42.4857630000000,-83.2772587000000
220.099999904633,42.4857550000000,-83.2772267000000
220.200000047684,42.4857470000000,-83.2771947000000
220.299999952316,42.4857390000000,-83.2771626000000
220.400000095367,42.4857310000000,-83.2771305000000
220.500000000000,42.4857231000000,-83.2770983500000
220.599999904633,42.4857152000000,-83.2770662000000
220.700000047684,42.4857074500000,-83.2770340000000
220.799999952316,42.4856997000000,-83.2770018000000
220.900000095367,42.4856919500000,-83.2769695000000
221,42.4856842000000,-83.2769372000000
221.099999904633,42.4856766000000,-83.2769048500000
221.200000047684,42.4856690000000,-83.2768725000000
221.299999952316,42.4856615000000,-83.2768401000000
221.401000022888,42.4856540000000,-83.2768077000000
221.500000000000,42.4856466500000,-83.2767752000000
221.599999904633,42.4856393000000,-83.2767427000000
221.700000047684,42.4856320500000,-83.2767101000000
221.800999879837,42.4856248000000,-83.2766775000000
221.900000095367,42.4856177500000,-83.2766449000000
222,42.4856107000000,-83.2766123000000
222.099999904633,42.4856037000000,-83.2765796500000
222.200000047684,42.4855967000000,-83.2765470000000
222.299999952316,42.4855898500000,-83.2765141500000
222.400000095367,42.4855830000000,-83.2764813000000
222.500000000000,42.4855761500000,-83.2764485000000
222.599999904633,42.4855693000000,-83.2764157000000
222.700000047684,42.4855626500000,-83.2763827000000
222.799999952316,42.4855560000000,-83.2763497000000
222.900000095367,42.4855492500000,-83.2763167500000
223,42.4855425000000,-83.2762838000000
223.099999904633,42.4855359000000,-83.2762508000000
223.200000047684,42.4855293000000,-83.2762178000000
223.299999952316,42.4855227500000,-83.2761848000000
223.400000095367,42.4855162000000,-83.2761518000000
223.500000000000,42.4855097000000,-83.2761187500000
223.599999904633,42.4855032000000,-83.2760857000000
223.700000047684,42.4854968500000,-83.2760525000000
223.799999952316,42.4854905000000,-83.2760193000000
223.900000095367,42.4854843500000,-83.2759860000000
224,42.4854782000000,-83.2759527000000
224.099999904633,42.4854722500000,-83.2759192500000
224.200000047684,42.4854663000000,-83.2758858000000
224.299999952316,42.4854605500000,-83.2758522500000
224.400000095367,42.4854548000000,-83.2758187000000
224.500000000000,42.4854492500000,-83.2757850000000
224.599999904633,42.4854437000000,-83.2757513000000
224.700000047684,42.4854381000000,-83.2757175500000
224.799999952316,42.4854325000000,-83.2756838000000
224.900000095367,42.4854271000000,-83.2756500000000
225,42.4854217000000,-83.2756162000000
225.099999904633,42.4854162500000,-83.2755822500000
225.200000047684,42.4854108000000,-83.2755483000000
225.299999952316,42.4854056500000,-83.2755143000000
225.400000095367,42.4854005000000,-83.2754803000000
225.500000000000,42.4853955000000,-83.2754461500000
225.599999904633,42.4853905000000,-83.2754120000000
225.700000047684,42.4853856500000,-83.2753776500000
225.799999952316,42.4853808000000,-83.2753433000000
225.900000095367,42.4853761500000,-83.2753090000000
226,42.4853715000000,-83.2752747000000
226.099999904633,42.4853671000000,-83.2752402500000
226.200000047684,42.4853627000000,-83.2752058000000
226.299999952316,42.4853583500000,-83.2751714000000
226.400000095367,42.4853540000000,-83.2751370000000
226.500000000000,42.4853500000000,-83.2751023500000
226.599999904633,42.4853460000000,-83.2750677000000
226.700000047684,42.4853421500000,-83.2750328500000
226.799999952316,42.4853383000000,-83.2749980000000
226.900000095367,42.4853347500000,-83.2749632500000
227,42.4853312000000,-83.2749285000000
227.099999904633,42.4853277500000,-83.2748936000000
227.200000047684,42.4853243000000,-83.2748587000000
227.299999952316,42.4853210000000,-83.2748236000000
227.400000095367,42.4853177000000,-83.2747885000000
227.500000000000,42.4853146000000,-83.2747535000000
227.599999904633,42.4853115000000,-83.2747185000000
227.700000047684,42.4853085000000,-83.2746833500000
227.799999952316,42.4853055000000,-83.2746482000000
227.900000095367,42.4853027500000,-83.2746130000000
228,42.4853000000000,-83.2745778000000
228.099999904633,42.4852973500000,-83.2745426500000
228.200000047684,42.4852947000000,-83.2745075000000
228.299999952316,42.4852922000000,-83.2744721500000
228.401000022888,42.4852897000000,-83.2744368000000
228.500000000000,42.4852872500000,-83.2744015000000
228.599999904633,42.4852848000000,-83.2743662000000
228.700000047684,42.4852825500000,-83.2743308500000
228.799999952316,42.4852803000000,-83.2742955000000
228.900000095367,42.4852783000000,-83.2742601500000
229,42.4852763000000,-83.2742248000000
229.099999904633,42.4852745000000,-83.2741894000000
229.200000047684,42.4852727000000,-83.2741540000000
229.299999952316,42.4852710000000,-83.2741186000000
229.400000095367,42.4852693000000,-83.2740832000000
229.500000000000,42.4852679000000,-83.2740478500000
229.599999904633,42.4852665000000,-83.2740125000000
229.700000047684,42.4852652500000,-83.2739771000000
229.799999952316,42.4852640000000,-83.2739417000000
229.900000095367,42.4852629000000,-83.2739063500000
230,42.4852618000000,-83.2738710000000
230.099999904633,42.4852609000000,-83.2738355000000
230.200000047684,42.4852600000000,-83.2738000000000
230.299999952316,42.4852592500000,-83.2737646500000
230.400000095367,42.4852585000000,-83.2737293000000
230.500000000000,42.4852580000000,-83.2736940500000
230.599999904633,42.4852575000000,-83.2736588000000
230.700000047684,42.4852569000000,-83.2736235000000
230.799999952316,42.4852563000000,-83.2735882000000
230.900000095367,42.4852559000000,-83.2735529500000
231,42.4852555000000,-83.2735177000000
231.099999904633,42.4852551000000,-83.2734824500000
231.200000047684,42.4852547000000,-83.2734472000000
231.299999952316,42.4852544500000,-83.2734120000000
231.401000022888,42.4852542000000,-83.2733768000000
231.500000000000,42.4852540000000,-83.2733416500000
231.599999904633,42.4852538000000,-83.2733065000000
231.700000047684,42.4852537500000,-83.2732716000000
231.799999952316,42.4852537000000,-83.2732367000000
231.900000095367,42.4852537000000,-83.2732017500000
232,42.4852537000000,-83.2731668000000
232.099999904633,42.4852538500000,-83.2731320000000
232.200999975204,42.4852540000000,-83.2730972000000
232.299999952316,42.4852543500000,-83.2730624500000
232.401000022888,42.4852547000000,-83.2730277000000
232.499000072479,42.4852550000000,-83.2729930000000
232.599999904633,42.4852553000000,-83.2729583000000
232.700000047684,42.4852558000000,-83.2729237500000
232.799999952316,42.4852563000000,-83.2728892000000
232.900000095367,42.4852568000000,-83.2728547500000
233,42.4852573000000,-83.2728203000000
233.099999904633,42.4852580000000,-83.2727859000000
233.200000047684,42.4852587000000,-83.2727515000000
233.299999952316,42.4852592500000,-83.2727171500000
233.401000022888,42.4852598000000,-83.2726828000000
233.500000000000,42.4852604000000,-83.2726486500000
233.599999904633,42.4852610000000,-83.2726145000000
233.700000047684,42.4852616500000,-83.2725804000000
233.799999952316,42.4852623000000,-83.2725463000000
233.901000022888,42.4852630000000,-83.2725123000000
233.999000072479,42.4852637000000,-83.2724783000000
234.099999904633,42.4852643500000,-83.2724444000000
234.200000047684,42.4852650000000,-83.2724105000000
234.299999952316,42.4852656500000,-83.2723766500000
234.400000095367,42.4852663000000,-83.2723428000000
234.500000000000,42.4852669000000,-83.2723090500000
234.599999904633,42.4852675000000,-83.2722753000000
234.700000047684,42.4852681000000,-83.2722416500000
234.799999952316,42.4852687000000,-83.2722080000000
234.900000095367,42.4852692500000,-83.2721745000000
235,42.4852698000000,-83.2721410000000
235.099999904633,42.4852705000000,-83.2721076000000
235.200000047684,42.4852712000000,-83.2720742000000
235.299999952316,42.4852717500000,-83.2720407500000
235.401000022888,42.4852723000000,-83.2720073000000
235.500000000000,42.4852728000000,-83.2719741500000
235.599999904633,42.4852733000000,-83.2719410000000
235.700000047684,42.4852737500000,-83.2719079000000
235.799999952316,42.4852742000000,-83.2718748000000
235.900000095367,42.4852746000000,-83.2718418000000
236,42.4852750000000,-83.2718088000000
236.099999904633,42.4852754000000,-83.2717758000000
236.200000047684,42.4852758000000,-83.2717428000000
236.299999952316,42.4852763000000,-83.2717099000000
236.400000095367,42.4852768000000,-83.2716770000000
236.500000000000,42.4852772500000,-83.2716441500000
236.599999904633,42.4852777000000,-83.2716113000000
236.700000047684,42.4852781000000,-83.2715785000000
236.799999952316,42.4852785000000,-83.2715457000000
236.900000095367,42.4852789000000,-83.2715128500000
237,42.4852793000000,-83.2714800000000
237.099999904633,42.4852798000000,-83.2714473500000
237.200000047684,42.4852803000000,-83.2714147000000
237.299999952316,42.4852808000000,-83.2713819500000
237.401000022888,42.4852813000000,-83.2713492000000
237.500000000000,42.4852817500000,-83.2713166000000
237.599999904633,42.4852822000000,-83.2712840000000
237.700000047684,42.4852827500000,-83.2712514000000
237.799999952316,42.4852833000000,-83.2712188000000
237.900000095367,42.4852839000000,-83.2711862500000
238,42.4852845000000,-83.2711537000000
238.099999904633,42.4852851500000,-83.2711211000000
238.200999975204,42.4852858000000,-83.2710885000000
238.299999952316,42.4852865000000,-83.2710559000000
238.401000022888,42.4852872000000,-83.2710233000000
238.500000000000,42.4852878500000,-83.2709906500000
238.599999904633,42.4852885000000,-83.2709580000000
238.700000047684,42.4852890000000,-83.2709251500000
238.799999952316,42.4852895000000,-83.2708923000000
238.900000095367,42.4852901000000,-83.2708595000000
239.000999927521,42.4852907000000,-83.2708267000000
239.099999904633,42.4852913500000,-83.2707937000000
239.200000047684,42.4852920000000,-83.2707607000000
239.299999952316,42.4852924000000,-83.2707401000000
239.401999950409,42.4852928000000,-83.2707195000000
239.500000000000,42.4852942000000,-83.2706536000000
239.599999904633,42.4852950000000,-83.2706287000000
239.700000047684,42.4852958500000,-83.2705955000000
239.799999952316,42.4852967000000,-83.2705623000000
239.900000095367,42.4852974500000,-83.2705290500000
240.000999927521,42.4852982000000,-83.2704958000000
240.099999904633,42.4852990000000,-83.2704625500000
240.200000047684,42.4852998000000,-83.2704293000000
240.299999952316,42.4853006500000,-83.2703960000000
240.400000095367,42.4853015000000,-83.2703627000000
240.500000000000,42.4853021500000,-83.2703292000000
240.599999904633,42.4853028000000,-83.2702957000000
240.700000047684,42.4853034000000,-83.2702620000000
240.799999952316,42.4853040000000,-83.2702283000000
240.900000095367,42.4853045000000,-83.2701945000000
241,42.4853050000000,-83.2701607000000
241.099999904633,42.4853056000000,-83.2701267000000
241.200000047684,42.4853062000000,-83.2700927000000
241.299999952316,42.4853067500000,-83.2700586000000
241.400000095367,42.4853073000000,-83.2700245000000
241.500000000000,42.4853079000000,-83.2699903500000
241.599999904633,42.4853085000000,-83.2699562000000
241.700000047684,42.4853091000000,-83.2699217000000
241.799999952316,42.4853097000000,-83.2698872000000
241.900000095367,42.4853102500000,-83.2698523500000
242,42.4853108000000,-83.2698175000000
242.099999904633,42.4853115000000,-83.2697824000000
242.200000047684,42.4853122000000,-83.2697473000000
242.299999952316,42.4853128500000,-83.2697119000000
242.401000022888,42.4853135000000,-83.2696765000000
242.500000000000,42.4853143500000,-83.2696407500000
242.599999904633,42.4853152000000,-83.2696050000000
242.700000047684,42.4853160000000,-83.2695691000000
242.799999952316,42.4853168000000,-83.2695332000000
242.900000095367,42.4853176500000,-83.2694968500000
243,42.4853185000000,-83.2694605000000
243.099999904633,42.4853195000000,-83.2694240000000
243.200000047684,42.4853205000000,-83.2693875000000
243.299999952316,42.4853215000000,-83.2693508500000
243.401000022888,42.4853225000000,-83.2693142000000
243.500000000000,42.4853236000000,-83.2692774500000
243.599999904633,42.4853247000000,-83.2692407000000
243.700000047684,42.4853259500000,-83.2692041000000
243.799999952316,42.4853272000000,-83.2691675000000
243.900000095367,42.4853284500000,-83.2691309000000
244,42.4853297000000,-83.2690943000000
244.099999904633,42.4853304500000,-83.2690715000000
244.200999975204,42.4853312000000,-83.2690487000000
244.299999952316,42.4853322000000,-83.2690212000000
244.401000022888,42.4853350000000,-83.2689483000000
244.500000000000,42.4853363500000,-83.2689120000000
244.599999904633,42.4853377000000,-83.2688757000000
244.700000047684,42.4853391000000,-83.2688393500000
244.799999952316,42.4853405000000,-83.2688030000000
244.900000095367,42.4853419000000,-83.2687667500000
245,42.4853433000000,-83.2687305000000
245.099999904633,42.4853447500000,-83.2686943500000
245.200000047684,42.4853462000000,-83.2686582000000
245.299999952316,42.4853477000000,-83.2686220000000
245.401000022888,42.4853492000000,-83.2685858000000
245.500000000000,42.4853506000000,-83.2685497500000
245.599999904633,42.4853520000000,-83.2685137000000
245.700000047684,42.4853535000000,-83.2684776000000
245.799999952316,42.4853550000000,-83.2684415000000
245.900000095367,42.4853564000000,-83.2684055000000
246,42.4853578000000,-83.2683695000000
246.099999904633,42.4853592500000,-83.2683334000000
246.200999975204,42.4853607000000,-83.2682973000000
246.299999952316,42.4853620000000,-83.2682610500000
246.401000022888,42.4853633000000,-83.2682248000000
246.500000000000,42.4853645500000,-83.2681885000000
246.599999904633,42.4853658000000,-83.2681522000000
246.700000047684,42.4853670000000,-83.2681157000000
246.800999879837,42.4853682000000,-83.2680792000000
246.900000095367,42.4853695000000,-83.2680427000000
247,42.4853708000000,-83.2680062000000
247.099999904633,42.4853720500000,-83.2679696000000
247.200999975204,42.4853733000000,-83.2679330000000
247.299999952316,42.4853745500000,-83.2678962500000
247.401000022888,42.4853758000000,-83.2678595000000
247.500000000000,42.4853769000000,-83.2678227500000
247.599999904633,42.4853780000000,-83.2677860000000
247.700000047684,42.4853791000000,-83.2677491000000
247.800999879837,42.4853802000000,-83.2677122000000
247.900000095367,42.4853812000000,-83.2676752000000
248,42.4853822000000,-83.2676382000000
248.099999904633,42.4853831000000,-83.2676011000000
248.200000047684,42.4853840000000,-83.2675640000000
248.299999952316,42.4853849000000,-83.2675268500000
248.401000022888,42.4853858000000,-83.2674897000000
248.500000000000,42.4853865500000,-83.2674524500000
248.599999904633,42.4853873000000,-83.2674152000000
248.700000047684,42.4853881500000,-83.2673777000000
248.800999879837,42.4853890000000,-83.2673402000000
248.900000095367,42.4853897500000,-83.2673027500000
249,42.4853905000000,-83.2672653000000